
X-Axis: Magnitude
Y-Axis: 1 Year Cumulative Number
Number of Data Sets: 9


DATASET #1

     Name: Mean
   Points: 66
     Info: 

Data[x,y]:
2.5	  23.15174
2.6	  18.3906
2.7	  14.60752
2.8	  11.59506
2.9	  9.21476
3.0	  7.3226
3.1	  5.8125
3.2	  4.62419
3.3	  3.67477
3.4	  2.92054
3.5	  2.31984
3.6	  1.84084
3.7	  1.46247
3.8	  1.16048
3.9	  0.92218
4.0	  0.73185
4.1	  0.58128
4.2	  0.46147
4.3	  0.36606
4.4	  0.29
4.5	  0.23088
4.6	  0.18217
4.7	  0.1449
4.8	  0.11504
4.9	  0.09076
5.0	  0.07177
5.1	  0.05663
5.2	  0.04465
5.3	  0.03536
5.4	  0.02712
5.5	  0.02126
5.6	  0.01698
5.7	  0.01308
5.8	  0.01003
5.9	  0.00751
6.0	  0.00603
6.1	  0.00446
6.2	  0.00359
6.3	  0.0029
6.4	  0.00204
6.5	  0.0017
6.6	  0.0012
6.7	  0.00103
6.8	  9.3E-4
6.9	  7.2E-4
7.0	  6.6E-4
7.1	  5.7E-4
7.2	  4.5E-4
7.3	  3.6E-4
7.4	  3.0E-4
7.5	  2.3E-4
7.6	  1.5E-4
7.7	  9.0E-5
7.8	  3.0E-5
7.9	  1.0E-5
8.0	  0.0
8.1	  0.0
8.2	  0.0
8.3	  0.0
8.4	  0.0
8.5	  0.0
8.6	  0.0
8.7	  0.0
8.8	  0.0
8.9	  0.0
9.0	  0.0



DATASET #2

     Name: 2.5%,97.5%
   Points: 66
     Info: 

Data[x,y]:
2.5	  5.0
2.6	  3.0
2.7	  2.0
2.8	  1.0
2.9	  1.0
3.0	  0.0
3.1	  0.0
3.2	  0.0
3.3	  0.0
3.4	  0.0
3.5	  0.0
3.6	  0.0
3.7	  0.0
3.8	  0.0
3.9	  0.0
4.0	  0.0
4.1	  0.0
4.2	  0.0
4.3	  0.0
4.4	  0.0
4.5	  0.0
4.6	  0.0
4.7	  0.0
4.8	  0.0
4.9	  0.0
5.0	  0.0
5.1	  0.0
5.2	  0.0
5.3	  0.0
5.4	  0.0
5.5	  0.0
5.6	  0.0
5.7	  0.0
5.8	  0.0
5.9	  0.0
6.0	  0.0
6.1	  0.0
6.2	  0.0
6.3	  0.0
6.4	  0.0
6.5	  0.0
6.6	  0.0
6.7	  0.0
6.8	  0.0
6.9	  0.0
7.0	  0.0
7.1	  0.0
7.2	  0.0
7.3	  0.0
7.4	  0.0
7.5	  0.0
7.6	  0.0
7.7	  0.0
7.8	  0.0
7.9	  0.0
8.0	  0.0
8.1	  0.0
8.2	  0.0
8.3	  0.0
8.4	  0.0
8.5	  0.0
8.6	  0.0
8.7	  0.0
8.8	  0.0
8.9	  0.0
9.0	  0.0



DATASET #3

     Name: null
   Points: 66
     Info: 

Data[x,y]:
2.5	  54.0
2.6	  44.0
2.7	  35.0
2.8	  28.0
2.9	  23.0
3.0	  19.0
3.1	  15.0
3.2	  13.0
3.3	  10.0
3.4	  9.0
3.5	  7.0
3.6	  6.0
3.7	  5.0
3.8	  4.0
3.9	  4.0
4.0	  3.0
4.1	  3.0
4.2	  2.0
4.3	  2.0
4.4	  2.0
4.5	  2.0
4.6	  1.0
4.7	  1.0
4.8	  1.0
4.9	  1.0
5.0	  1.0
5.1	  1.0
5.2	  1.0
5.3	  0.0
5.4	  0.0
5.5	  0.0
5.6	  0.0
5.7	  0.0
5.8	  0.0
5.9	  0.0
6.0	  0.0
6.1	  0.0
6.2	  0.0
6.3	  0.0
6.4	  0.0
6.5	  0.0
6.6	  0.0
6.7	  0.0
6.8	  0.0
6.9	  0.0
7.0	  0.0
7.1	  0.0
7.2	  0.0
7.3	  0.0
7.4	  0.0
7.5	  0.0
7.6	  0.0
7.7	  0.0
7.8	  0.0
7.9	  0.0
8.0	  0.0
8.1	  0.0
8.2	  0.0
8.3	  0.0
8.4	  0.0
8.5	  0.0
8.6	  0.0
8.7	  0.0
8.8	  0.0
8.9	  0.0
9.0	  0.0



DATASET #4

     Name: Median
   Points: 66
     Info: 

Data[x,y]:
2.5	  13.0
2.6	  10.0
2.7	  8.0
2.8	  6.0
2.9	  5.0
3.0	  4.0
3.1	  3.0
3.2	  2.0
3.3	  2.0
3.4	  1.0
3.5	  1.0
3.6	  1.0
3.7	  1.0
3.8	  0.0
3.9	  0.0
4.0	  0.0
4.1	  0.0
4.2	  0.0
4.3	  0.0
4.4	  0.0
4.5	  0.0
4.6	  0.0
4.7	  0.0
4.8	  0.0
4.9	  0.0
5.0	  0.0
5.1	  0.0
5.2	  0.0
5.3	  0.0
5.4	  0.0
5.5	  0.0
5.6	  0.0
5.7	  0.0
5.8	  0.0
5.9	  0.0
6.0	  0.0
6.1	  0.0
6.2	  0.0
6.3	  0.0
6.4	  0.0
6.5	  0.0
6.6	  0.0
6.7	  0.0
6.8	  0.0
6.9	  0.0
7.0	  0.0
7.1	  0.0
7.2	  0.0
7.3	  0.0
7.4	  0.0
7.5	  0.0
7.6	  0.0
7.7	  0.0
7.8	  0.0
7.9	  0.0
8.0	  0.0
8.1	  0.0
8.2	  0.0
8.3	  0.0
8.4	  0.0
8.5	  0.0
8.6	  0.0
8.7	  0.0
8.8	  0.0
8.9	  0.0
9.0	  0.0



DATASET #5

     Name: Mode
   Points: 66
     Info: 

Data[x,y]:
2.5	  12.0
2.6	  9.0
2.7	  7.0
2.8	  5.0
2.9	  4.0
3.0	  3.0
3.1	  2.0
3.2	  2.0
3.3	  1.0
3.4	  1.0
3.5	  0.0
3.6	  0.0
3.7	  0.0
3.8	  0.0
3.9	  0.0
4.0	  0.0
4.1	  0.0
4.2	  0.0
4.3	  0.0
4.4	  0.0
4.5	  0.0
4.6	  0.0
4.7	  0.0
4.8	  0.0
4.9	  0.0
5.0	  0.0
5.1	  0.0
5.2	  0.0
5.3	  0.0
5.4	  0.0
5.5	  0.0
5.6	  0.0
5.7	  0.0
5.8	  0.0
5.9	  0.0
6.0	  0.0
6.1	  0.0
6.2	  0.0
6.3	  0.0
6.4	  0.0
6.5	  0.0
6.6	  0.0
6.7	  0.0
6.8	  0.0
6.9	  0.0
7.0	  0.0
7.1	  0.0
7.2	  0.0
7.3	  0.0
7.4	  0.0
7.5	  0.0
7.6	  0.0
7.7	  0.0
7.8	  0.0
7.9	  0.0
8.0	  0.0
8.1	  0.0
8.2	  0.0
8.3	  0.0
8.4	  0.0
8.5	  0.0
8.6	  0.0
8.7	  0.0
8.8	  0.0
8.9	  0.0
9.0	  0.0



DATASET #6

     Name: 1 yr Prob
   Points: 66
     Info: 

Data[x,y]:
2.5	  0.99996
2.6	  0.99974
2.7	  0.99861
2.8	  0.99506
2.9	  0.98551
3.0	  0.96643
3.1	  0.93449
3.2	  0.88789
3.3	  0.82857
3.4	  0.75745
3.5	  0.67963
3.6	  0.59788
3.7	  0.51925
3.8	  0.44507
3.9	  0.37734
4.0	  0.31674
4.1	  0.26424
4.2	  0.21984
4.3	  0.18021
4.4	  0.14736
4.5	  0.12062
4.6	  0.09798
4.7	  0.07985
4.8	  0.06477
4.9	  0.05183
5.0	  0.04187
5.1	  0.03375
5.2	  0.02715
5.3	  0.02188
5.4	  0.01711
5.5	  0.01351
5.6	  0.01084
5.7	  0.00824
5.8	  0.00631
5.9	  0.00475
6.0	  0.00376
6.1	  0.00276
6.2	  0.00225
6.3	  0.00184
6.4	  0.00133
6.5	  0.00115
6.6	  8.2E-4
6.7	  7.3E-4
6.8	  6.7E-4
6.9	  5.5E-4
7.0	  5.2E-4
7.1	  5.0E-4
7.2	  4.0E-4
7.3	  3.4E-4
7.4	  2.9E-4
7.5	  2.2E-4
7.6	  1.5E-4
7.7	  9.0E-5
7.8	  3.0E-5
7.9	  1.0E-5
8.0	  0.0
8.1	  0.0
8.2	  0.0
8.3	  0.0
8.4	  0.0
8.5	  0.0
8.6	  0.0
8.7	  0.0
8.8	  0.0
8.9	  0.0
9.0	  0.0



DATASET #7

Name: 95% Conf
Num Points: 66
Info: 

X, Y Data:
2.5	0.99996	[0.99988997	0.9999872]
2.6	0.99974	[0.9996131	0.9998266]
2.7	0.99861	[0.9983537	0.99882716]
2.8	0.99506	[0.9946008	0.9954807]
2.9	0.98551	[0.9847453	0.9862371]
3.0	0.96643	[0.9652905	0.9675335]
3.1	0.93449	[0.93293464	0.93601185]
3.2	0.88789	[0.88591456	0.8898356]
3.3	0.82857	[0.8262164	0.8308983]
3.4	0.75745	[0.7547785	0.7601017]
3.5	0.67963	[0.676726	0.68252015]
3.6	0.59788	[0.59483224	0.60092026]
3.7	0.51925	[0.5161476	0.5223509]
3.8	0.44507	[0.4419869	0.44815734]
3.9	0.37734	[0.37433544	0.380354]
4.0	0.31674	[0.31385872	0.31963536]
4.1	0.26424	[0.2615112	0.26698694]
4.2	0.21984	[0.21727896	0.22242261]
4.3	0.18021	[0.17783502	0.1826096]
4.4	0.14736	[0.14517158	0.14957558]
4.5	0.12062	[0.11861098	0.12265824]
4.6	0.09798	[0.09614785	0.09984312]
4.7	0.07985	[0.07818109	0.08155128]
4.8	0.06477	[0.06325625	0.0663173]
4.9	0.05183	[0.050468188	0.05322637]
5.0	0.04187	[0.040641148	0.043134194]
5.1	0.03375	[0.03264359	0.03489239]
5.2	0.02715	[0.026155798	0.028180711]
5.3	0.02188	[0.020986574	0.022810362]
5.4	0.01711	[0.016319694	0.017937638]
5.5	0.01351	[0.012808055	0.014249583]
5.6	0.01084	[0.010211868	0.011506006]
5.7	0.00824	[0.0076934486	0.00882467]
5.8	0.00631	[0.0058330107	0.006825305]
5.9	0.00475	[0.0043376754	0.00520082]
6.0	0.00376	[0.0033944997	0.0041641276]
6.1	0.00276	[0.0024486706	0.0031101184]
6.2	0.00225	[0.0019701608	0.0025687306]
6.3	0.00184	[0.0015881903	0.0021308013]
6.4	0.00133	[0.0011178849	0.0015812725]
6.5	0.00115	[9.5368404E-4	0.0013855506]
6.6	8.2E-4	[6.5627135E-4	0.0010231547]
6.7	7.3E-4	[5.7625625E-4	9.2324044E-4]
6.8	6.7E-4	[5.232575E-4	8.562931E-4]
6.9	5.5E-4	[4.1826643E-4	7.2141475E-4]
7.0	5.2E-4	[3.922669E-4	6.874532E-4]
7.1	5.0E-4	[3.7499785E-4	6.6475E-4]
7.2	4.0E-4	[2.8954828E-4	5.503658E-4]
7.3	3.4E-4	[2.3915971E-4	4.8088527E-4]
7.4	2.9E-4	[1.978313E-4	4.2235057E-4]
7.5	2.2E-4	[1.4132302E-4	3.3911917E-4]
7.6	1.5E-4	[8.714325E-5	2.5371244E-4]
7.7	9.0E-5	[4.39234E-5	1.7758983E-4]
7.8	3.0E-5	[7.747817E-6	9.559829E-5]
7.9	1.0E-5	[5.219861E-7	6.4949265E-5]
8.0	0.0	[0.0	4.7892154E-5]
8.1	0.0	[0.0	4.7892154E-5]
8.2	0.0	[0.0	4.7892154E-5]
8.3	0.0	[0.0	4.7892154E-5]
8.4	0.0	[0.0	0.0]
8.5	0.0	[0.0	0.0]
8.6	0.0	[0.0	0.0]
8.7	0.0	[0.0	0.0]
8.8	0.0	[0.0	0.0]
8.9	0.0	[0.0	0.0]
9.0	0.0	[0.0	0.0]



DATASET #8

     Name: Supra
   Points: 66
     Info: 

Data[x,y]:
2.5	  0.00171
2.6	  0.00171
2.7	  0.00171
2.8	  0.00171
2.9	  0.00171
3.0	  0.00171
3.1	  0.00171
3.2	  0.00171
3.3	  0.00171
3.4	  0.00171
3.5	  0.00171
3.6	  0.00171
3.7	  0.00171
3.8	  0.00171
3.9	  0.00171
4.0	  0.00171
4.1	  0.00171
4.2	  0.00171
4.3	  0.00171
4.4	  0.00171
4.5	  0.00171
4.6	  0.00171
4.7	  0.00171
4.8	  0.00171
4.9	  0.00171
5.0	  0.00171
5.1	  0.00171
5.2	  0.00171
5.3	  0.00171
5.4	  0.00171
5.5	  0.00171
5.6	  0.00171
5.7	  0.00171
5.8	  0.00171
5.9	  0.00157
6.0	  0.00157
6.1	  0.0012
6.2	  0.00118
6.3	  0.00116
6.4	  9.4E-4
6.5	  8.9E-4
6.6	  7.0E-4
6.7	  6.7E-4
6.8	  6.5E-4
6.9	  5.5E-4
7.0	  5.2E-4
7.1	  5.0E-4
7.2	  4.0E-4
7.3	  3.4E-4
7.4	  2.9E-4
7.5	  2.2E-4
7.6	  1.5E-4
7.7	  9.0E-5
7.8	  3.0E-5
7.9	  1.0E-5
8.0	  0.0
8.1	  0.0
8.2	  0.0
8.3	  0.0
8.4	  0.0
8.5	  0.0
8.6	  0.0
8.7	  0.0
8.8	  0.0
8.9	  0.0
9.0	  0.0



DATASET #9

     Name: Primary
   Points: 66
     Info: 

Data[x,y]:
2.5	  10.15633
2.6	  8.06649
2.7	  6.40873
2.8	  5.08357
2.9	  4.03917
3.0	  3.20843
3.1	  2.5488
3.2	  2.02739
3.3	  1.61172
3.4	  1.28237
3.5	  1.01759
3.6	  0.80705
3.7	  0.64151
3.8	  0.51028
3.9	  0.40558
4.0	  0.32241
4.1	  0.25547
4.2	  0.20327
4.3	  0.16086
4.4	  0.12662
4.5	  0.10056
4.6	  0.07971
4.7	  0.06318
4.8	  0.05029
4.9	  0.03939
5.0	  0.03114
5.1	  0.02476
5.2	  0.01952
5.3	  0.01535
5.4	  0.01171
5.5	  0.00915
5.6	  0.00729
5.7	  0.00534
5.8	  0.00395
5.9	  0.00287
6.0	  0.00221
6.1	  0.00159
6.2	  0.00128
6.3	  0.00106
6.4	  8.0E-4
6.5	  6.6E-4
6.6	  5.1E-4
6.7	  4.6E-4
6.8	  4.2E-4
6.9	  3.4E-4
7.0	  3.2E-4
7.1	  3.0E-4
7.2	  2.5E-4
7.3	  2.2E-4
7.4	  1.8E-4
7.5	  1.2E-4
7.6	  9.0E-5
7.7	  5.0E-5
7.8	  1.0E-5
7.9	  0.0
8.0	  0.0
8.1	  0.0
8.2	  0.0
8.3	  0.0
8.4	  0.0
8.5	  0.0
8.6	  0.0
8.7	  0.0
8.8	  0.0
8.9	  0.0
9.0	  0.0


