
X-Axis: Magnitude
Y-Axis: 10 Year Cumulative Number
Number of Data Sets: 9


DATASET #1

     Name: Mean
   Points: 66
     Info: 

Data[x,y]:
2.5	  96.80009
2.6	  76.88521
2.7	  61.068
2.8	  48.50703
2.9	  38.52961
3.0	  30.59194
3.1	  24.3178
3.2	  19.32481
3.3	  15.34452
3.4	  12.17796
3.5	  9.66943
3.6	  7.68456
3.7	  6.10724
3.8	  4.84831
3.9	  3.85116
4.0	  3.0558
4.1	  2.42791
4.2	  1.92617
4.3	  1.53043
4.4	  1.21418
4.5	  0.96154
4.6	  0.76244
4.7	  0.60447
4.8	  0.47767
4.9	  0.37758
5.0	  0.29863
5.1	  0.23602
5.2	  0.1854
5.3	  0.14482
5.4	  0.11268
5.5	  0.08821
5.6	  0.06773
5.7	  0.05215
5.8	  0.03941
5.9	  0.02873
6.0	  0.02265
6.1	  0.01886
6.2	  0.01724
6.3	  0.01606
6.4	  0.01295
6.5	  0.01122
6.6	  0.009
6.7	  0.00811
6.8	  0.00686
6.9	  0.00589
7.0	  0.00459
7.1	  0.00442
7.2	  0.00385
7.3	  0.00358
7.4	  0.00203
7.5	  0.00126
7.6	  8.2E-4
7.7	  4.1E-4
7.8	  2.6E-4
7.9	  1.5E-4
8.0	  1.1E-4
8.1	  4.0E-5
8.2	  0.0
8.3	  0.0
8.4	  0.0
8.5	  0.0
8.6	  0.0
8.7	  0.0
8.8	  0.0
8.9	  0.0
9.0	  0.0



DATASET #2

     Name: 2.5%,97.5%
   Points: 66
     Info: 

Data[x,y]:
2.5	  10.0
2.6	  7.0
2.7	  5.0
2.8	  4.0
2.9	  2.0
3.0	  1.0
3.1	  1.0
3.2	  0.0
3.3	  0.0
3.4	  0.0
3.5	  0.0
3.6	  0.0
3.7	  0.0
3.8	  0.0
3.9	  0.0
4.0	  0.0
4.1	  0.0
4.2	  0.0
4.3	  0.0
4.4	  0.0
4.5	  0.0
4.6	  0.0
4.7	  0.0
4.8	  0.0
4.9	  0.0
5.0	  0.0
5.1	  0.0
5.2	  0.0
5.3	  0.0
5.4	  0.0
5.5	  0.0
5.6	  0.0
5.7	  0.0
5.8	  0.0
5.9	  0.0
6.0	  0.0
6.1	  0.0
6.2	  0.0
6.3	  0.0
6.4	  0.0
6.5	  0.0
6.6	  0.0
6.7	  0.0
6.8	  0.0
6.9	  0.0
7.0	  0.0
7.1	  0.0
7.2	  0.0
7.3	  0.0
7.4	  0.0
7.5	  0.0
7.6	  0.0
7.7	  0.0
7.8	  0.0
7.9	  0.0
8.0	  0.0
8.1	  0.0
8.2	  0.0
8.3	  0.0
8.4	  0.0
8.5	  0.0
8.6	  0.0
8.7	  0.0
8.8	  0.0
8.9	  0.0
9.0	  0.0



DATASET #3

     Name: null
   Points: 66
     Info: 

Data[x,y]:
2.5	  221.0
2.6	  177.0
2.7	  140.0
2.8	  112.0
2.9	  89.0
3.0	  72.0
3.1	  57.0
3.2	  46.0
3.3	  37.0
3.4	  30.0
3.5	  24.0
3.6	  20.0
3.7	  16.0
3.8	  13.0
3.9	  11.0
4.0	  9.0
4.1	  7.0
4.2	  6.0
4.3	  5.0
4.4	  5.0
4.5	  4.0
4.6	  3.0
4.7	  3.0
4.8	  2.0
4.9	  2.0
5.0	  2.0
5.1	  2.0
5.2	  1.0
5.3	  1.0
5.4	  1.0
5.5	  1.0
5.6	  1.0
5.7	  1.0
5.8	  0.0
5.9	  0.0
6.0	  0.0
6.1	  0.0
6.2	  0.0
6.3	  0.0
6.4	  0.0
6.5	  0.0
6.6	  0.0
6.7	  0.0
6.8	  0.0
6.9	  0.0
7.0	  0.0
7.1	  0.0
7.2	  0.0
7.3	  0.0
7.4	  0.0
7.5	  0.0
7.6	  0.0
7.7	  0.0
7.8	  0.0
7.9	  0.0
8.0	  0.0
8.1	  0.0
8.2	  0.0
8.3	  0.0
8.4	  0.0
8.5	  0.0
8.6	  0.0
8.7	  0.0
8.8	  0.0
8.9	  0.0
9.0	  0.0



DATASET #4

     Name: Median
   Points: 66
     Info: 

Data[x,y]:
2.5	  22.0
2.6	  18.0
2.7	  14.0
2.8	  11.0
2.9	  9.0
3.0	  7.0
3.1	  6.0
3.2	  4.0
3.3	  3.0
3.4	  3.0
3.5	  2.0
3.6	  2.0
3.7	  1.0
3.8	  1.0
3.9	  1.0
4.0	  0.0
4.1	  0.0
4.2	  0.0
4.3	  0.0
4.4	  0.0
4.5	  0.0
4.6	  0.0
4.7	  0.0
4.8	  0.0
4.9	  0.0
5.0	  0.0
5.1	  0.0
5.2	  0.0
5.3	  0.0
5.4	  0.0
5.5	  0.0
5.6	  0.0
5.7	  0.0
5.8	  0.0
5.9	  0.0
6.0	  0.0
6.1	  0.0
6.2	  0.0
6.3	  0.0
6.4	  0.0
6.5	  0.0
6.6	  0.0
6.7	  0.0
6.8	  0.0
6.9	  0.0
7.0	  0.0
7.1	  0.0
7.2	  0.0
7.3	  0.0
7.4	  0.0
7.5	  0.0
7.6	  0.0
7.7	  0.0
7.8	  0.0
7.9	  0.0
8.0	  0.0
8.1	  0.0
8.2	  0.0
8.3	  0.0
8.4	  0.0
8.5	  0.0
8.6	  0.0
8.7	  0.0
8.8	  0.0
8.9	  0.0
9.0	  0.0



DATASET #5

     Name: Mode
   Points: 66
     Info: 

Data[x,y]:
2.5	  19.0
2.6	  15.0
2.7	  12.0
2.8	  9.0
2.9	  7.0
3.0	  5.0
3.1	  4.0
3.2	  3.0
3.3	  2.0
3.4	  2.0
3.5	  1.0
3.6	  1.0
3.7	  0.0
3.8	  0.0
3.9	  0.0
4.0	  0.0
4.1	  0.0
4.2	  0.0
4.3	  0.0
4.4	  0.0
4.5	  0.0
4.6	  0.0
4.7	  0.0
4.8	  0.0
4.9	  0.0
5.0	  0.0
5.1	  0.0
5.2	  0.0
5.3	  0.0
5.4	  0.0
5.5	  0.0
5.6	  0.0
5.7	  0.0
5.8	  0.0
5.9	  0.0
6.0	  0.0
6.1	  0.0
6.2	  0.0
6.3	  0.0
6.4	  0.0
6.5	  0.0
6.6	  0.0
6.7	  0.0
6.8	  0.0
6.9	  0.0
7.0	  0.0
7.1	  0.0
7.2	  0.0
7.3	  0.0
7.4	  0.0
7.5	  0.0
7.6	  0.0
7.7	  0.0
7.8	  0.0
7.9	  0.0
8.0	  0.0
8.1	  0.0
8.2	  0.0
8.3	  0.0
8.4	  0.0
8.5	  0.0
8.6	  0.0
8.7	  0.0
8.8	  0.0
8.9	  0.0
9.0	  0.0



DATASET #6

     Name: 10 yr Prob
   Points: 66
     Info: 

Data[x,y]:
2.5	  1.0
2.6	  0.99999
2.7	  0.99999
2.8	  0.9998
2.9	  0.99868
3.0	  0.99521
3.1	  0.9867
3.2	  0.96949
3.3	  0.94004
3.4	  0.89847
3.5	  0.84353
3.6	  0.77703
3.7	  0.70437
3.8	  0.6276
3.9	  0.55168
4.0	  0.47725
4.1	  0.41033
4.2	  0.34827
4.3	  0.29423
4.4	  0.24807
4.5	  0.20714
4.6	  0.17317
4.7	  0.144
4.8	  0.12011
4.9	  0.0998
5.0	  0.08408
5.1	  0.07083
5.2	  0.05981
5.3	  0.05028
5.4	  0.04258
5.5	  0.03641
5.6	  0.03076
5.7	  0.02661
5.8	  0.02271
5.9	  0.01874
6.0	  0.01597
6.1	  0.01506
6.2	  0.01442
6.3	  0.01395
6.4	  0.01149
6.5	  0.01001
6.6	  0.00853
6.7	  0.00771
6.8	  0.00658
6.9	  0.00572
7.0	  0.00449
7.1	  0.00433
7.2	  0.00378
7.3	  0.00352
7.4	  0.00198
7.5	  0.00122
7.6	  7.9E-4
7.7	  3.9E-4
7.8	  2.6E-4
7.9	  1.5E-4
8.0	  1.1E-4
8.1	  4.0E-5
8.2	  0.0
8.3	  0.0
8.4	  0.0
8.5	  0.0
8.6	  0.0
8.7	  0.0
8.8	  0.0
8.9	  0.0
9.0	  0.0



DATASET #7

Name: 95% Conf
Num Points: 66
Info: 

X, Y Data:
2.5	1.0	[1.0	1.0]
2.6	0.99999	[0.99993503	0.99999946]
2.7	0.99999	[0.99993503	0.99999946]
2.8	0.9998	[0.999685	0.9998745]
2.9	0.99868	[0.9984296	0.9988913]
3.0	0.99521	[0.9947574	0.9956241]
3.1	0.9867	[0.9859659	0.9873964]
3.2	0.96949	[0.9684008	0.97054297]
3.3	0.94004	[0.9385465	0.9414996]
3.4	0.89847	[0.89657766	0.9003317]
3.5	0.84353	[0.84126	0.8457735]
3.6	0.77703	[0.7744345	0.7796042]
3.7	0.70437	[0.70152885	0.7071954]
3.8	0.6276	[0.62459373	0.63059646]
3.9	0.55168	[0.54859066	0.5547654]
4.0	0.47725	[0.47415012	0.48035163]
4.1	0.41033	[0.40727973	0.41338718]
4.2	0.34827	[0.345318	0.3512337]
4.3	0.29423	[0.29140854	0.2970673]
4.4	0.24807	[0.24539784	0.25076157]
4.5	0.20714	[0.20463449	0.20966806]
4.6	0.17317	[0.17083228	0.17553288]
4.7	0.144	[0.14183263	0.14619479]
4.8	0.12011	[0.11810469	0.12214457]
4.9	0.0998	[0.09795262	0.10167821]
5.0	0.08408	[0.082370974	0.08582108]
5.1	0.07083	[0.069251426	0.072441645]
5.2	0.05981	[0.058352124	0.061301813]
5.3	0.05028	[0.048937842	0.05165684]
5.4	0.04258	[0.041341104	0.04385418]
5.5	0.03641	[0.035261825	0.037593946]
5.6	0.03076	[0.029702779	0.03185344]
5.7	0.02661	[0.025625609	0.027630944]
5.8	0.02271	[0.0217999	0.02365697]
5.9	0.01874	[0.01791292	0.019604275]
6.0	0.01597	[0.015206521	0.016770907]
6.1	0.01506	[0.014318665	0.01583884]
6.2	0.01442	[0.01369466	0.015182898]
6.3	0.01395	[0.013236644	0.014700956]
6.4	0.01149	[0.010843103	0.0121747125]
6.5	0.01001	[0.009406695	0.010651255]
6.6	0.00853	[0.007973749	0.0091243405]
6.7	0.00771	[0.0071816375	0.008276533]
6.8	0.00658	[0.006092682	0.0071056047]
6.9	0.00572	[0.005266393	0.006211988]
7.0	0.00449	[0.0040894523	0.004929076]
7.1	0.00433	[0.003936872	0.0047616772]
7.2	0.00378	[0.0034134958	0.004185129]
7.3	0.00352	[0.0031667629	0.0039119]
7.4	0.00198	[0.0017182966	0.0022806586]
7.5	0.00122	[0.0010174025	0.0014618004]
7.6	7.9E-4	[6.2953605E-4	9.899123E-4]
7.7	3.9E-4	[2.81098E-4	5.388359E-4]
7.8	2.6E-4	[1.7339196E-4	3.8688924E-4]
7.9	1.5E-4	[8.714325E-5	2.5371244E-4]
8.0	1.1E-4	[5.7856672E-5	2.0338313E-4]
8.1	4.0E-5	[1.2813544E-5	1.10003224E-4]
8.2	0.0	[0.0	4.7892154E-5]
8.3	0.0	[0.0	4.7892154E-5]
8.4	0.0	[0.0	0.0]
8.5	0.0	[0.0	0.0]
8.6	0.0	[0.0	0.0]
8.7	0.0	[0.0	0.0]
8.8	0.0	[0.0	0.0]
8.9	0.0	[0.0	0.0]
9.0	0.0	[0.0	0.0]



DATASET #8

     Name: Supra
   Points: 66
     Info: 

Data[x,y]:
2.5	  0.01772
2.6	  0.01772
2.7	  0.01772
2.8	  0.01772
2.9	  0.01772
3.0	  0.01772
3.1	  0.01772
3.2	  0.01772
3.3	  0.01772
3.4	  0.01772
3.5	  0.01772
3.6	  0.01772
3.7	  0.01772
3.8	  0.01772
3.9	  0.01772
4.0	  0.01772
4.1	  0.01772
4.2	  0.01772
4.3	  0.01772
4.4	  0.01772
4.5	  0.01772
4.6	  0.01772
4.7	  0.01772
4.8	  0.01772
4.9	  0.01772
5.0	  0.01772
5.1	  0.01772
5.2	  0.01772
5.3	  0.01772
5.4	  0.01772
5.5	  0.01772
5.6	  0.01772
5.7	  0.01772
5.8	  0.01772
5.9	  0.01688
6.0	  0.01486
6.1	  0.01445
6.2	  0.01404
6.3	  0.01365
6.4	  0.01128
6.5	  0.00988
6.6	  0.00841
6.7	  0.00761
6.8	  0.00653
6.9	  0.00566
7.0	  0.00444
7.1	  0.00431
7.2	  0.00378
7.3	  0.00352
7.4	  0.00198
7.5	  0.00122
7.6	  7.9E-4
7.7	  3.9E-4
7.8	  2.6E-4
7.9	  1.5E-4
8.0	  1.1E-4
8.1	  4.0E-5
8.2	  0.0
8.3	  0.0
8.4	  0.0
8.5	  0.0
8.6	  0.0
8.7	  0.0
8.8	  0.0
8.9	  0.0
9.0	  0.0



DATASET #9

     Name: Primary
   Points: 66
     Info: 

Data[x,y]:
2.5	  14.72273
2.6	  11.70132
2.7	  9.29372
2.8	  7.38663
2.9	  5.8752
3.0	  4.66953
3.1	  3.70993
3.2	  2.9484
3.3	  2.33918
3.4	  1.85687
3.5	  1.47735
3.6	  1.17432
3.7	  0.93574
3.8	  0.74422
3.9	  0.59356
4.0	  0.47091
4.1	  0.37622
4.2	  0.29969
4.3	  0.23878
4.4	  0.19109
4.5	  0.15254
4.6	  0.12228
4.7	  0.09772
4.8	  0.07871
4.9	  0.06299
5.0	  0.05164
5.1	  0.04214
5.2	  0.03477
5.3	  0.02852
5.4	  0.0233
5.5	  0.01946
5.6	  0.01618
5.7	  0.0136
5.8	  0.01138
5.9	  0.00942
6.0	  0.00799
6.1	  0.00774
6.2	  0.00755
6.3	  0.00737
6.4	  0.00591
6.5	  0.00519
6.6	  0.00455
6.7	  0.00414
6.8	  0.00351
6.9	  0.00309
7.0	  0.00245
7.1	  0.00239
7.2	  0.00206
7.3	  0.00193
7.4	  0.00102
7.5	  6.9E-4
7.6	  4.7E-4
7.7	  2.4E-4
7.8	  1.8E-4
7.9	  1.1E-4
8.0	  8.0E-5
8.1	  2.0E-5
8.2	  0.0
8.3	  0.0
8.4	  0.0
8.5	  0.0
8.6	  0.0
8.7	  0.0
8.8	  0.0
8.9	  0.0
9.0	  0.0


