
X-Axis: Magnitude
Y-Axis: 1 Week Cumulative Number
Number of Data Sets: 9


DATASET #1

     Name: Mean
   Points: 66
     Info: 

Data[x,y]:
2.5	  0.39608
2.6	  0.31274
2.7	  0.24807
2.8	  0.19704
2.9	  0.1564
3.0	  0.12364
3.1	  0.09761
3.2	  0.07803
3.3	  0.06237
3.4	  0.04967
3.5	  0.03922
3.6	  0.03122
3.7	  0.02482
3.8	  0.01989
3.9	  0.01576
4.0	  0.01247
4.1	  0.00989
4.2	  0.00789
4.3	  0.00614
4.4	  0.00493
4.5	  0.00401
4.6	  0.00325
4.7	  0.0026
4.8	  0.00199
4.9	  0.00163
5.0	  0.00134
5.1	  9.4E-4
5.2	  7.8E-4
5.3	  5.5E-4
5.4	  4.3E-4
5.5	  3.0E-4
5.6	  2.3E-4
5.7	  1.8E-4
5.8	  1.4E-4
5.9	  7.0E-5
6.0	  5.0E-5
6.1	  3.0E-5
6.2	  0.0
6.3	  0.0
6.4	  0.0
6.5	  0.0
6.6	  0.0
6.7	  0.0
6.8	  0.0
6.9	  0.0
7.0	  0.0
7.1	  0.0
7.2	  0.0
7.3	  0.0
7.4	  0.0
7.5	  0.0
7.6	  0.0
7.7	  0.0
7.8	  0.0
7.9	  0.0
8.0	  0.0
8.1	  0.0
8.2	  0.0
8.3	  0.0
8.4	  0.0
8.5	  0.0
8.6	  0.0
8.7	  0.0
8.8	  0.0
8.9	  0.0
9.0	  0.0



DATASET #2

     Name: 2.5%,97.5%
   Points: 66
     Info: 

Data[x,y]:
2.5	  0.0
2.6	  0.0
2.7	  0.0
2.8	  0.0
2.9	  0.0
3.0	  0.0
3.1	  0.0
3.2	  0.0
3.3	  0.0
3.4	  0.0
3.5	  0.0
3.6	  0.0
3.7	  0.0
3.8	  0.0
3.9	  0.0
4.0	  0.0
4.1	  0.0
4.2	  0.0
4.3	  0.0
4.4	  0.0
4.5	  0.0
4.6	  0.0
4.7	  0.0
4.8	  0.0
4.9	  0.0
5.0	  0.0
5.1	  0.0
5.2	  0.0
5.3	  0.0
5.4	  0.0
5.5	  0.0
5.6	  0.0
5.7	  0.0
5.8	  0.0
5.9	  0.0
6.0	  0.0
6.1	  0.0
6.2	  0.0
6.3	  0.0
6.4	  0.0
6.5	  0.0
6.6	  0.0
6.7	  0.0
6.8	  0.0
6.9	  0.0
7.0	  0.0
7.1	  0.0
7.2	  0.0
7.3	  0.0
7.4	  0.0
7.5	  0.0
7.6	  0.0
7.7	  0.0
7.8	  0.0
7.9	  0.0
8.0	  0.0
8.1	  0.0
8.2	  0.0
8.3	  0.0
8.4	  0.0
8.5	  0.0
8.6	  0.0
8.7	  0.0
8.8	  0.0
8.9	  0.0
9.0	  0.0



DATASET #3

     Name: null
   Points: 66
     Info: 

Data[x,y]:
2.5	  2.0
2.6	  2.0
2.7	  2.0
2.8	  1.0
2.9	  1.0
3.0	  1.0
3.1	  1.0
3.2	  1.0
3.3	  1.0
3.4	  1.0
3.5	  1.0
3.6	  0.0
3.7	  0.0
3.8	  0.0
3.9	  0.0
4.0	  0.0
4.1	  0.0
4.2	  0.0
4.3	  0.0
4.4	  0.0
4.5	  0.0
4.6	  0.0
4.7	  0.0
4.8	  0.0
4.9	  0.0
5.0	  0.0
5.1	  0.0
5.2	  0.0
5.3	  0.0
5.4	  0.0
5.5	  0.0
5.6	  0.0
5.7	  0.0
5.8	  0.0
5.9	  0.0
6.0	  0.0
6.1	  0.0
6.2	  0.0
6.3	  0.0
6.4	  0.0
6.5	  0.0
6.6	  0.0
6.7	  0.0
6.8	  0.0
6.9	  0.0
7.0	  0.0
7.1	  0.0
7.2	  0.0
7.3	  0.0
7.4	  0.0
7.5	  0.0
7.6	  0.0
7.7	  0.0
7.8	  0.0
7.9	  0.0
8.0	  0.0
8.1	  0.0
8.2	  0.0
8.3	  0.0
8.4	  0.0
8.5	  0.0
8.6	  0.0
8.7	  0.0
8.8	  0.0
8.9	  0.0
9.0	  0.0



DATASET #4

     Name: Median
   Points: 66
     Info: 

Data[x,y]:
2.5	  0.0
2.6	  0.0
2.7	  0.0
2.8	  0.0
2.9	  0.0
3.0	  0.0
3.1	  0.0
3.2	  0.0
3.3	  0.0
3.4	  0.0
3.5	  0.0
3.6	  0.0
3.7	  0.0
3.8	  0.0
3.9	  0.0
4.0	  0.0
4.1	  0.0
4.2	  0.0
4.3	  0.0
4.4	  0.0
4.5	  0.0
4.6	  0.0
4.7	  0.0
4.8	  0.0
4.9	  0.0
5.0	  0.0
5.1	  0.0
5.2	  0.0
5.3	  0.0
5.4	  0.0
5.5	  0.0
5.6	  0.0
5.7	  0.0
5.8	  0.0
5.9	  0.0
6.0	  0.0
6.1	  0.0
6.2	  0.0
6.3	  0.0
6.4	  0.0
6.5	  0.0
6.6	  0.0
6.7	  0.0
6.8	  0.0
6.9	  0.0
7.0	  0.0
7.1	  0.0
7.2	  0.0
7.3	  0.0
7.4	  0.0
7.5	  0.0
7.6	  0.0
7.7	  0.0
7.8	  0.0
7.9	  0.0
8.0	  0.0
8.1	  0.0
8.2	  0.0
8.3	  0.0
8.4	  0.0
8.5	  0.0
8.6	  0.0
8.7	  0.0
8.8	  0.0
8.9	  0.0
9.0	  0.0



DATASET #5

     Name: Mode
   Points: 66
     Info: 

Data[x,y]:
2.5	  0.0
2.6	  0.0
2.7	  0.0
2.8	  0.0
2.9	  0.0
3.0	  0.0
3.1	  0.0
3.2	  0.0
3.3	  0.0
3.4	  0.0
3.5	  0.0
3.6	  0.0
3.7	  0.0
3.8	  0.0
3.9	  0.0
4.0	  0.0
4.1	  0.0
4.2	  0.0
4.3	  0.0
4.4	  0.0
4.5	  0.0
4.6	  0.0
4.7	  0.0
4.8	  0.0
4.9	  0.0
5.0	  0.0
5.1	  0.0
5.2	  0.0
5.3	  0.0
5.4	  0.0
5.5	  0.0
5.6	  0.0
5.7	  0.0
5.8	  0.0
5.9	  0.0
6.0	  0.0
6.1	  0.0
6.2	  0.0
6.3	  0.0
6.4	  0.0
6.5	  0.0
6.6	  0.0
6.7	  0.0
6.8	  0.0
6.9	  0.0
7.0	  0.0
7.1	  0.0
7.2	  0.0
7.3	  0.0
7.4	  0.0
7.5	  0.0
7.6	  0.0
7.7	  0.0
7.8	  0.0
7.9	  0.0
8.0	  0.0
8.1	  0.0
8.2	  0.0
8.3	  0.0
8.4	  0.0
8.5	  0.0
8.6	  0.0
8.7	  0.0
8.8	  0.0
8.9	  0.0
9.0	  0.0



DATASET #6

     Name: 1 wk Prob
   Points: 66
     Info: 

Data[x,y]:
2.5	  0.23434
2.6	  0.19234
2.7	  0.15763
2.8	  0.12868
2.9	  0.10442
3.0	  0.08437
3.1	  0.06821
3.2	  0.05545
3.3	  0.045
3.4	  0.03596
3.5	  0.02893
3.6	  0.02338
3.7	  0.01882
3.8	  0.01546
3.9	  0.01235
4.0	  0.00989
4.1	  0.00799
4.2	  0.00652
4.3	  0.00518
4.4	  0.00426
4.5	  0.00343
4.6	  0.0028
4.7	  0.00227
4.8	  0.00176
4.9	  0.00145
5.0	  0.00122
5.1	  8.4E-4
5.2	  7.0E-4
5.3	  5.0E-4
5.4	  4.2E-4
5.5	  3.0E-4
5.6	  2.3E-4
5.7	  1.8E-4
5.8	  1.4E-4
5.9	  7.0E-5
6.0	  5.0E-5
6.1	  3.0E-5
6.2	  0.0
6.3	  0.0
6.4	  0.0
6.5	  0.0
6.6	  0.0
6.7	  0.0
6.8	  0.0
6.9	  0.0
7.0	  0.0
7.1	  0.0
7.2	  0.0
7.3	  0.0
7.4	  0.0
7.5	  0.0
7.6	  0.0
7.7	  0.0
7.8	  0.0
7.9	  0.0
8.0	  0.0
8.1	  0.0
8.2	  0.0
8.3	  0.0
8.4	  0.0
8.5	  0.0
8.6	  0.0
8.7	  0.0
8.8	  0.0
8.9	  0.0
9.0	  0.0



DATASET #7

Name: 95% Conf
Num Points: 66
Info: 

X, Y Data:
2.5	0.23434	[0.23171985	0.2369806]
2.6	0.19234	[0.18990396	0.19479972]
2.7	0.15763	[0.15537965	0.15990672]
2.8	0.12868	[0.1266139	0.1307747]
2.9	0.10442	[0.102534816	0.106335655]
3.0	0.08437	[0.08265827	0.08611376]
3.1	0.06821	[0.06665901	0.06979427]
3.2	0.05545	[0.054043595	0.05689068]
3.3	0.045	[0.04372757	0.046307527]
3.4	0.03596	[0.03481877	0.03713704]
3.5	0.02893	[0.027904188	0.029992176]
3.6	0.02338	[0.022456674	0.02434014]
3.7	0.01882	[0.01799116	0.019686028]
3.8	0.01546	[0.014708848	0.016248623]
3.9	0.01235	[0.011679099	0.01305864]
4.0	0.00989	[0.009290371	0.01052759]
4.1	0.00799	[0.0074519515	0.008566191]
4.2	0.00652	[0.0060349586	0.0070433347]
4.3	0.00518	[0.004748893	0.0056495504]
4.4	0.00426	[0.0038701615	0.004688397]
4.5	0.00343	[0.0030814698	0.0038172067]
4.6	0.0028	[0.0024863298	0.003152452]
4.7	0.00227	[0.001988862	0.0025900248]
4.8	0.00176	[0.0015140139	0.0020450002]
4.9	0.00145	[0.0012279409	0.0017111716]
5.0	0.00122	[0.0010174025	0.0014618004]
5.1	8.4E-4	[6.741279E-4	0.001045284]
5.2	7.0E-4	[5.4971955E-4	8.8980334E-4]
5.3	5.0E-4	[3.7499785E-4	6.6475E-4]
5.4	4.2E-4	[3.065053E-4	5.7337113E-4]
5.5	3.0E-4	[2.060413E-4	4.3411064E-4]
5.6	2.3E-4	[1.4927807E-4	3.511202E-4]
5.7	1.8E-4	[1.0999825E-4	2.9065256E-4]
5.8	1.4E-4	[7.967705E-5	2.4126013E-4]
5.9	7.0E-5	[3.0673422E-5	1.5121036E-4]
6.0	5.0E-5	[1.8407845E-5	1.2402E-4]
6.1	3.0E-5	[7.747817E-6	9.559829E-5]
6.2	0.0	[0.0	4.7892154E-5]
6.3	0.0	[0.0	4.7892154E-5]
6.4	0.0	[0.0	4.7892154E-5]
6.5	0.0	[0.0	4.7892154E-5]
6.6	0.0	[0.0	4.7892154E-5]
6.7	0.0	[0.0	4.7892154E-5]
6.8	0.0	[0.0	4.7892154E-5]
6.9	0.0	[0.0	4.7892154E-5]
7.0	0.0	[0.0	4.7892154E-5]
7.1	0.0	[0.0	4.7892154E-5]
7.2	0.0	[0.0	4.7892154E-5]
7.3	0.0	[0.0	4.7892154E-5]
7.4	0.0	[0.0	4.7892154E-5]
7.5	0.0	[0.0	4.7892154E-5]
7.6	0.0	[0.0	4.7892154E-5]
7.7	0.0	[0.0	4.7892154E-5]
7.8	0.0	[0.0	4.7892154E-5]
7.9	0.0	[0.0	4.7892154E-5]
8.0	0.0	[0.0	4.7892154E-5]
8.1	0.0	[0.0	4.7892154E-5]
8.2	0.0	[0.0	4.7892154E-5]
8.3	0.0	[0.0	4.7892154E-5]
8.4	0.0	[0.0	0.0]
8.5	0.0	[0.0	0.0]
8.6	0.0	[0.0	0.0]
8.7	0.0	[0.0	0.0]
8.8	0.0	[0.0	0.0]
8.9	0.0	[0.0	0.0]
9.0	0.0	[0.0	0.0]



DATASET #8

     Name: Supra
   Points: 66
     Info: 

Data[x,y]:
2.5	  0.0
2.6	  0.0
2.7	  0.0
2.8	  0.0
2.9	  0.0
3.0	  0.0
3.1	  0.0
3.2	  0.0
3.3	  0.0
3.4	  0.0
3.5	  0.0
3.6	  0.0
3.7	  0.0
3.8	  0.0
3.9	  0.0
4.0	  0.0
4.1	  0.0
4.2	  0.0
4.3	  0.0
4.4	  0.0
4.5	  0.0
4.6	  0.0
4.7	  0.0
4.8	  0.0
4.9	  0.0
5.0	  0.0
5.1	  0.0
5.2	  0.0
5.3	  0.0
5.4	  0.0
5.5	  0.0
5.6	  0.0
5.7	  0.0
5.8	  0.0
5.9	  0.0
6.0	  0.0
6.1	  0.0
6.2	  0.0
6.3	  0.0
6.4	  0.0
6.5	  0.0
6.6	  0.0
6.7	  0.0
6.8	  0.0
6.9	  0.0
7.0	  0.0
7.1	  0.0
7.2	  0.0
7.3	  0.0
7.4	  0.0
7.5	  0.0
7.6	  0.0
7.7	  0.0
7.8	  0.0
7.9	  0.0
8.0	  0.0
8.1	  0.0
8.2	  0.0
8.3	  0.0
8.4	  0.0
8.5	  0.0
8.6	  0.0
8.7	  0.0
8.8	  0.0
8.9	  0.0
9.0	  0.0



DATASET #9

     Name: Primary
   Points: 66
     Info: 

Data[x,y]:
2.5	  0.25039
2.6	  0.19763
2.7	  0.15682
2.8	  0.12422
2.9	  0.09814
3.0	  0.07744
3.1	  0.06141
3.2	  0.04911
3.3	  0.03927
3.4	  0.03101
3.5	  0.0245
3.6	  0.0194
3.7	  0.01537
3.8	  0.01241
3.9	  0.00973
4.0	  0.00774
4.1	  0.00614
4.2	  0.00487
4.3	  0.00387
4.4	  0.00318
4.5	  0.00255
4.6	  0.00205
4.7	  0.00164
4.8	  0.00123
4.9	  9.7E-4
5.0	  8.1E-4
5.1	  5.5E-4
5.2	  4.6E-4
5.3	  3.6E-4
5.4	  2.8E-4
5.5	  2.2E-4
5.6	  1.6E-4
5.7	  1.2E-4
5.8	  1.0E-4
5.9	  5.0E-5
6.0	  4.0E-5
6.1	  3.0E-5
6.2	  0.0
6.3	  0.0
6.4	  0.0
6.5	  0.0
6.6	  0.0
6.7	  0.0
6.8	  0.0
6.9	  0.0
7.0	  0.0
7.1	  0.0
7.2	  0.0
7.3	  0.0
7.4	  0.0
7.5	  0.0
7.6	  0.0
7.7	  0.0
7.8	  0.0
7.9	  0.0
8.0	  0.0
8.1	  0.0
8.2	  0.0
8.3	  0.0
8.4	  0.0
8.5	  0.0
8.6	  0.0
8.7	  0.0
8.8	  0.0
8.9	  0.0
9.0	  0.0


