
X-Axis: Magnitude
Y-Axis: 1 Month Cumulative Number
Number of Data Sets: 9


DATASET #1

     Name: Mean
   Points: 66
     Info: 

Data[x,y]:
2.5	  0.94151
2.6	  0.74993
2.7	  0.59755
2.8	  0.47365
2.9	  0.37743
3.0	  0.30036
3.1	  0.23818
3.2	  0.19005
3.3	  0.15045
3.4	  0.11864
3.5	  0.09413
3.6	  0.07477
3.7	  0.05929
3.8	  0.04712
3.9	  0.03729
4.0	  0.02949
4.1	  0.02322
4.2	  0.01833
4.3	  0.01425
4.4	  0.01125
4.5	  0.0088
4.6	  0.00684
4.7	  0.00555
4.8	  0.00445
4.9	  0.00354
5.0	  0.00282
5.1	  0.00214
5.2	  0.00172
5.3	  0.00135
5.4	  0.00106
5.5	  7.9E-4
5.6	  5.6E-4
5.7	  3.9E-4
5.8	  3.4E-4
5.9	  2.3E-4
6.0	  2.0E-4
6.1	  1.7E-4
6.2	  1.5E-4
6.3	  1.2E-4
6.4	  9.0E-5
6.5	  8.0E-5
6.6	  6.0E-5
6.7	  5.0E-5
6.8	  4.0E-5
6.9	  4.0E-5
7.0	  2.0E-5
7.1	  2.0E-5
7.2	  2.0E-5
7.3	  1.0E-5
7.4	  1.0E-5
7.5	  1.0E-5
7.6	  0.0
7.7	  0.0
7.8	  0.0
7.9	  0.0
8.0	  0.0
8.1	  0.0
8.2	  0.0
8.3	  0.0
8.4	  0.0
8.5	  0.0
8.6	  0.0
8.7	  0.0
8.8	  0.0
8.9	  0.0
9.0	  0.0



DATASET #2

     Name: 2.5%,97.5%
   Points: 66
     Info: 

Data[x,y]:
2.5	  0.0
2.6	  0.0
2.7	  0.0
2.8	  0.0
2.9	  0.0
3.0	  0.0
3.1	  0.0
3.2	  0.0
3.3	  0.0
3.4	  0.0
3.5	  0.0
3.6	  0.0
3.7	  0.0
3.8	  0.0
3.9	  0.0
4.0	  0.0
4.1	  0.0
4.2	  0.0
4.3	  0.0
4.4	  0.0
4.5	  0.0
4.6	  0.0
4.7	  0.0
4.8	  0.0
4.9	  0.0
5.0	  0.0
5.1	  0.0
5.2	  0.0
5.3	  0.0
5.4	  0.0
5.5	  0.0
5.6	  0.0
5.7	  0.0
5.8	  0.0
5.9	  0.0
6.0	  0.0
6.1	  0.0
6.2	  0.0
6.3	  0.0
6.4	  0.0
6.5	  0.0
6.6	  0.0
6.7	  0.0
6.8	  0.0
6.9	  0.0
7.0	  0.0
7.1	  0.0
7.2	  0.0
7.3	  0.0
7.4	  0.0
7.5	  0.0
7.6	  0.0
7.7	  0.0
7.8	  0.0
7.9	  0.0
8.0	  0.0
8.1	  0.0
8.2	  0.0
8.3	  0.0
8.4	  0.0
8.5	  0.0
8.6	  0.0
8.7	  0.0
8.8	  0.0
8.9	  0.0
9.0	  0.0



DATASET #3

     Name: null
   Points: 66
     Info: 

Data[x,y]:
2.5	  3.0
2.6	  2.0
2.7	  2.0
2.8	  2.0
2.9	  2.0
3.0	  1.0
3.1	  1.0
3.2	  1.0
3.3	  1.0
3.4	  1.0
3.5	  1.0
3.6	  1.0
3.7	  0.0
3.8	  0.0
3.9	  0.0
4.0	  0.0
4.1	  0.0
4.2	  0.0
4.3	  0.0
4.4	  0.0
4.5	  0.0
4.6	  0.0
4.7	  0.0
4.8	  0.0
4.9	  0.0
5.0	  0.0
5.1	  0.0
5.2	  0.0
5.3	  0.0
5.4	  0.0
5.5	  0.0
5.6	  0.0
5.7	  0.0
5.8	  0.0
5.9	  0.0
6.0	  0.0
6.1	  0.0
6.2	  0.0
6.3	  0.0
6.4	  0.0
6.5	  0.0
6.6	  0.0
6.7	  0.0
6.8	  0.0
6.9	  0.0
7.0	  0.0
7.1	  0.0
7.2	  0.0
7.3	  0.0
7.4	  0.0
7.5	  0.0
7.6	  0.0
7.7	  0.0
7.8	  0.0
7.9	  0.0
8.0	  0.0
8.1	  0.0
8.2	  0.0
8.3	  0.0
8.4	  0.0
8.5	  0.0
8.6	  0.0
8.7	  0.0
8.8	  0.0
8.9	  0.0
9.0	  0.0



DATASET #4

     Name: Median
   Points: 66
     Info: 

Data[x,y]:
2.5	  0.0
2.6	  0.0
2.7	  0.0
2.8	  0.0
2.9	  0.0
3.0	  0.0
3.1	  0.0
3.2	  0.0
3.3	  0.0
3.4	  0.0
3.5	  0.0
3.6	  0.0
3.7	  0.0
3.8	  0.0
3.9	  0.0
4.0	  0.0
4.1	  0.0
4.2	  0.0
4.3	  0.0
4.4	  0.0
4.5	  0.0
4.6	  0.0
4.7	  0.0
4.8	  0.0
4.9	  0.0
5.0	  0.0
5.1	  0.0
5.2	  0.0
5.3	  0.0
5.4	  0.0
5.5	  0.0
5.6	  0.0
5.7	  0.0
5.8	  0.0
5.9	  0.0
6.0	  0.0
6.1	  0.0
6.2	  0.0
6.3	  0.0
6.4	  0.0
6.5	  0.0
6.6	  0.0
6.7	  0.0
6.8	  0.0
6.9	  0.0
7.0	  0.0
7.1	  0.0
7.2	  0.0
7.3	  0.0
7.4	  0.0
7.5	  0.0
7.6	  0.0
7.7	  0.0
7.8	  0.0
7.9	  0.0
8.0	  0.0
8.1	  0.0
8.2	  0.0
8.3	  0.0
8.4	  0.0
8.5	  0.0
8.6	  0.0
8.7	  0.0
8.8	  0.0
8.9	  0.0
9.0	  0.0



DATASET #5

     Name: Mode
   Points: 66
     Info: 

Data[x,y]:
2.5	  0.0
2.6	  0.0
2.7	  0.0
2.8	  0.0
2.9	  0.0
3.0	  0.0
3.1	  0.0
3.2	  0.0
3.3	  0.0
3.4	  0.0
3.5	  0.0
3.6	  0.0
3.7	  0.0
3.8	  0.0
3.9	  0.0
4.0	  0.0
4.1	  0.0
4.2	  0.0
4.3	  0.0
4.4	  0.0
4.5	  0.0
4.6	  0.0
4.7	  0.0
4.8	  0.0
4.9	  0.0
5.0	  0.0
5.1	  0.0
5.2	  0.0
5.3	  0.0
5.4	  0.0
5.5	  0.0
5.6	  0.0
5.7	  0.0
5.8	  0.0
5.9	  0.0
6.0	  0.0
6.1	  0.0
6.2	  0.0
6.3	  0.0
6.4	  0.0
6.5	  0.0
6.6	  0.0
6.7	  0.0
6.8	  0.0
6.9	  0.0
7.0	  0.0
7.1	  0.0
7.2	  0.0
7.3	  0.0
7.4	  0.0
7.5	  0.0
7.6	  0.0
7.7	  0.0
7.8	  0.0
7.9	  0.0
8.0	  0.0
8.1	  0.0
8.2	  0.0
8.3	  0.0
8.4	  0.0
8.5	  0.0
8.6	  0.0
8.7	  0.0
8.8	  0.0
8.9	  0.0
9.0	  0.0



DATASET #6

     Name: 1 mo Prob
   Points: 66
     Info: 

Data[x,y]:
2.5	  0.20078
2.6	  0.17061
2.7	  0.14429
2.8	  0.1202
2.9	  0.10062
3.0	  0.08301
3.1	  0.06854
3.2	  0.05675
3.3	  0.04652
3.4	  0.03762
3.5	  0.03065
3.6	  0.0251
3.7	  0.0203
3.8	  0.01649
3.9	  0.01345
4.0	  0.01086
4.1	  0.00855
4.2	  0.00688
4.3	  0.00545
4.4	  0.00445
4.5	  0.00356
4.6	  0.00272
4.7	  0.00221
4.8	  0.00179
4.9	  0.00151
5.0	  0.00125
5.1	  9.7E-4
5.2	  7.6E-4
5.3	  6.4E-4
5.4	  5.0E-4
5.5	  4.1E-4
5.6	  2.8E-4
5.7	  2.1E-4
5.8	  1.7E-4
5.9	  1.3E-4
6.0	  1.2E-4
6.1	  1.1E-4
6.2	  1.1E-4
6.3	  9.0E-5
6.4	  6.0E-5
6.5	  5.0E-5
6.6	  3.0E-5
6.7	  3.0E-5
6.8	  3.0E-5
6.9	  3.0E-5
7.0	  2.0E-5
7.1	  2.0E-5
7.2	  2.0E-5
7.3	  1.0E-5
7.4	  1.0E-5
7.5	  1.0E-5
7.6	  0.0
7.7	  0.0
7.8	  0.0
7.9	  0.0
8.0	  0.0
8.1	  0.0
8.2	  0.0
8.3	  0.0
8.4	  0.0
8.5	  0.0
8.6	  0.0
8.7	  0.0
8.8	  0.0
8.9	  0.0
9.0	  0.0



DATASET #7

Name: 95% Conf
Num Points: 66
Info: 

X, Y Data:
2.5	0.20078	[0.1983037	0.20327935]
2.6	0.17061	[0.16828617	0.17295918]
2.7	0.14429	[0.1421208	0.1464866]
2.8	0.1202	[0.11819403	0.12223522]
2.9	0.10062	[0.09876583	0.10250494]
3.0	0.08301	[0.081310995	0.08474114]
3.1	0.06854	[0.0669855	0.07012775]
3.2	0.05675	[0.055328004	0.05820617]
3.3	0.04652	[0.045227032	0.04784794]
3.4	0.03762	[0.03645339	0.038822286]
3.5	0.03065	[0.029594637	0.03174159]
3.6	0.0251	[0.024143629	0.026093045]
3.7	0.0203	[0.019439276	0.021197788]
3.8	0.01649	[0.015714163	0.017303219]
3.9	0.01345	[0.012749626	0.014188017]
4.0	0.01086	[0.010231283	0.01152659]
4.1	0.00855	[0.007993087	0.009145001]
4.2	0.00688	[0.0063814563	0.007416799]
4.3	0.00545	[0.0050075017	0.0059309104]
4.4	0.00445	[0.0040512946	0.004887239]
4.5	0.00356	[0.0032046903	0.003953967]
4.6	0.00272	[0.0024110284	0.003067768]
4.7	0.00221	[0.0019327758	0.0025261245]
4.8	0.00179	[0.0015418148	0.0020771907]
4.9	0.00151	[0.0012831234	0.0017759682]
5.0	0.00125	[0.0010447657	0.0014944243]
5.1	9.7E-4	[7.907749E-4	0.0011885538]
5.2	7.6E-4	[6.0286315E-4	9.566088E-4]
5.3	6.4E-4	[4.9687515E-4	8.2270487E-4]
5.4	5.0E-4	[3.7499785E-4	6.6475E-4]
5.5	4.1E-4	[2.980176E-4	5.618773E-4]
5.6	2.8E-4	[1.8965195E-4	4.1056133E-4]
5.7	2.1E-4	[1.3341404E-4	3.27075E-4]
5.8	1.7E-4	[1.02310594E-4	2.7840282E-4]
5.9	1.3E-4	[7.23001E-5	2.287271E-4]
6.0	1.2E-4	[6.502256E-5	2.1610482E-4]
6.1	1.1E-4	[5.7856672E-5	2.0338313E-4]
6.2	1.1E-4	[5.7856672E-5	2.0338313E-4]
6.3	9.0E-5	[4.39234E-5	1.7758983E-4]
6.4	6.0E-5	[2.4390289E-5	1.377361E-4]
6.5	5.0E-5	[1.8407845E-5	1.2402E-4]
6.6	3.0E-5	[7.747817E-6	9.559829E-5]
6.7	3.0E-5	[7.747817E-6	9.559829E-5]
6.8	3.0E-5	[7.747817E-6	9.559829E-5]
6.9	3.0E-5	[7.747817E-6	9.559829E-5]
7.0	2.0E-5	[3.4641096E-6	8.066479E-5]
7.1	2.0E-5	[3.4641096E-6	8.066479E-5]
7.2	2.0E-5	[3.4641096E-6	8.066479E-5]
7.3	1.0E-5	[5.219861E-7	6.4949265E-5]
7.4	1.0E-5	[5.219861E-7	6.4949265E-5]
7.5	1.0E-5	[5.219861E-7	6.4949265E-5]
7.6	0.0	[0.0	4.7892154E-5]
7.7	0.0	[0.0	4.7892154E-5]
7.8	0.0	[0.0	4.7892154E-5]
7.9	0.0	[0.0	4.7892154E-5]
8.0	0.0	[0.0	4.7892154E-5]
8.1	0.0	[0.0	4.7892154E-5]
8.2	0.0	[0.0	4.7892154E-5]
8.3	0.0	[0.0	4.7892154E-5]
8.4	0.0	[0.0	0.0]
8.5	0.0	[0.0	0.0]
8.6	0.0	[0.0	0.0]
8.7	0.0	[0.0	0.0]
8.8	0.0	[0.0	0.0]
8.9	0.0	[0.0	0.0]
9.0	0.0	[0.0	0.0]



DATASET #8

     Name: Supra
   Points: 66
     Info: 

Data[x,y]:
2.5	  7.0E-5
2.6	  7.0E-5
2.7	  7.0E-5
2.8	  7.0E-5
2.9	  7.0E-5
3.0	  7.0E-5
3.1	  7.0E-5
3.2	  7.0E-5
3.3	  7.0E-5
3.4	  7.0E-5
3.5	  7.0E-5
3.6	  7.0E-5
3.7	  7.0E-5
3.8	  7.0E-5
3.9	  7.0E-5
4.0	  7.0E-5
4.1	  7.0E-5
4.2	  7.0E-5
4.3	  7.0E-5
4.4	  7.0E-5
4.5	  7.0E-5
4.6	  7.0E-5
4.7	  7.0E-5
4.8	  7.0E-5
4.9	  7.0E-5
5.0	  7.0E-5
5.1	  7.0E-5
5.2	  7.0E-5
5.3	  7.0E-5
5.4	  7.0E-5
5.5	  7.0E-5
5.6	  7.0E-5
5.7	  7.0E-5
5.8	  7.0E-5
5.9	  7.0E-5
6.0	  7.0E-5
6.1	  7.0E-5
6.2	  7.0E-5
6.3	  7.0E-5
6.4	  5.0E-5
6.5	  5.0E-5
6.6	  3.0E-5
6.7	  3.0E-5
6.8	  3.0E-5
6.9	  3.0E-5
7.0	  2.0E-5
7.1	  2.0E-5
7.2	  2.0E-5
7.3	  1.0E-5
7.4	  1.0E-5
7.5	  1.0E-5
7.6	  0.0
7.7	  0.0
7.8	  0.0
7.9	  0.0
8.0	  0.0
8.1	  0.0
8.2	  0.0
8.3	  0.0
8.4	  0.0
8.5	  0.0
8.6	  0.0
8.7	  0.0
8.8	  0.0
8.9	  0.0
9.0	  0.0



DATASET #9

     Name: Primary
   Points: 66
     Info: 

Data[x,y]:
2.5	  0.24828
2.6	  0.19809
2.7	  0.1586
2.8	  0.12529
2.9	  0.10067
3.0	  0.0801
3.1	  0.06354
3.2	  0.05105
3.3	  0.04033
3.4	  0.03168
3.5	  0.02505
3.6	  0.02014
3.7	  0.01578
3.8	  0.0124
3.9	  0.00983
4.0	  0.00784
4.1	  0.00602
4.2	  0.00464
4.3	  0.0036
4.4	  0.0029
4.5	  0.00227
4.6	  0.00175
4.7	  0.00145
4.8	  0.00113
4.9	  9.4E-4
5.0	  7.4E-4
5.1	  6.0E-4
5.2	  4.6E-4
5.3	  3.8E-4
5.4	  2.8E-4
5.5	  2.3E-4
5.6	  1.5E-4
5.7	  1.0E-4
5.8	  9.0E-5
5.9	  7.0E-5
6.0	  7.0E-5
6.1	  7.0E-5
6.2	  7.0E-5
6.3	  5.0E-5
6.4	  2.0E-5
6.5	  2.0E-5
6.6	  2.0E-5
6.7	  2.0E-5
6.8	  2.0E-5
6.9	  2.0E-5
7.0	  1.0E-5
7.1	  1.0E-5
7.2	  1.0E-5
7.3	  0.0
7.4	  0.0
7.5	  0.0
7.6	  0.0
7.7	  0.0
7.8	  0.0
7.9	  0.0
8.0	  0.0
8.1	  0.0
8.2	  0.0
8.3	  0.0
8.4	  0.0
8.5	  0.0
8.6	  0.0
8.7	  0.0
8.8	  0.0
8.9	  0.0
9.0	  0.0


