
X-Axis: Magnitude
Y-Axis: 1 Day Cumulative Number
Number of Data Sets: 9


DATASET #1

     Name: Mean
   Points: 66
     Info: 

Data[x,y]:
2.5	  0.17279
2.6	  0.1375
2.7	  0.1098
2.8	  0.08696
2.9	  0.06941
3.0	  0.05497
3.1	  0.04327
3.2	  0.03438
3.3	  0.0272
3.4	  0.02157
3.5	  0.01692
3.6	  0.01352
3.7	  0.01073
3.8	  0.00852
3.9	  0.0067
4.0	  0.00534
4.1	  0.00415
4.2	  0.00336
4.3	  0.00269
4.4	  0.00212
4.5	  0.00167
4.6	  0.00133
4.7	  0.00101
4.8	  8.1E-4
4.9	  6.7E-4
5.0	  5.1E-4
5.1	  3.8E-4
5.2	  3.3E-4
5.3	  2.6E-4
5.4	  1.8E-4
5.5	  1.2E-4
5.6	  1.0E-4
5.7	  8.0E-5
5.8	  7.0E-5
5.9	  5.0E-5
6.0	  4.0E-5
6.1	  1.0E-5
6.2	  0.0
6.3	  0.0
6.4	  0.0
6.5	  0.0
6.6	  0.0
6.7	  0.0
6.8	  0.0
6.9	  0.0
7.0	  0.0
7.1	  0.0
7.2	  0.0
7.3	  0.0
7.4	  0.0
7.5	  0.0
7.6	  0.0
7.7	  0.0
7.8	  0.0
7.9	  0.0
8.0	  0.0
8.1	  0.0
8.2	  0.0
8.3	  0.0
8.4	  0.0
8.5	  0.0
8.6	  0.0
8.7	  0.0
8.8	  0.0
8.9	  0.0
9.0	  0.0



DATASET #2

     Name: 2.5%,97.5%
   Points: 66
     Info: 

Data[x,y]:
2.5	  0.0
2.6	  0.0
2.7	  0.0
2.8	  0.0
2.9	  0.0
3.0	  0.0
3.1	  0.0
3.2	  0.0
3.3	  0.0
3.4	  0.0
3.5	  0.0
3.6	  0.0
3.7	  0.0
3.8	  0.0
3.9	  0.0
4.0	  0.0
4.1	  0.0
4.2	  0.0
4.3	  0.0
4.4	  0.0
4.5	  0.0
4.6	  0.0
4.7	  0.0
4.8	  0.0
4.9	  0.0
5.0	  0.0
5.1	  0.0
5.2	  0.0
5.3	  0.0
5.4	  0.0
5.5	  0.0
5.6	  0.0
5.7	  0.0
5.8	  0.0
5.9	  0.0
6.0	  0.0
6.1	  0.0
6.2	  0.0
6.3	  0.0
6.4	  0.0
6.5	  0.0
6.6	  0.0
6.7	  0.0
6.8	  0.0
6.9	  0.0
7.0	  0.0
7.1	  0.0
7.2	  0.0
7.3	  0.0
7.4	  0.0
7.5	  0.0
7.6	  0.0
7.7	  0.0
7.8	  0.0
7.9	  0.0
8.0	  0.0
8.1	  0.0
8.2	  0.0
8.3	  0.0
8.4	  0.0
8.5	  0.0
8.6	  0.0
8.7	  0.0
8.8	  0.0
8.9	  0.0
9.0	  0.0



DATASET #3

     Name: null
   Points: 66
     Info: 

Data[x,y]:
2.5	  1.0
2.6	  1.0
2.7	  1.0
2.8	  1.0
2.9	  1.0
3.0	  1.0
3.1	  1.0
3.2	  1.0
3.3	  0.0
3.4	  0.0
3.5	  0.0
3.6	  0.0
3.7	  0.0
3.8	  0.0
3.9	  0.0
4.0	  0.0
4.1	  0.0
4.2	  0.0
4.3	  0.0
4.4	  0.0
4.5	  0.0
4.6	  0.0
4.7	  0.0
4.8	  0.0
4.9	  0.0
5.0	  0.0
5.1	  0.0
5.2	  0.0
5.3	  0.0
5.4	  0.0
5.5	  0.0
5.6	  0.0
5.7	  0.0
5.8	  0.0
5.9	  0.0
6.0	  0.0
6.1	  0.0
6.2	  0.0
6.3	  0.0
6.4	  0.0
6.5	  0.0
6.6	  0.0
6.7	  0.0
6.8	  0.0
6.9	  0.0
7.0	  0.0
7.1	  0.0
7.2	  0.0
7.3	  0.0
7.4	  0.0
7.5	  0.0
7.6	  0.0
7.7	  0.0
7.8	  0.0
7.9	  0.0
8.0	  0.0
8.1	  0.0
8.2	  0.0
8.3	  0.0
8.4	  0.0
8.5	  0.0
8.6	  0.0
8.7	  0.0
8.8	  0.0
8.9	  0.0
9.0	  0.0



DATASET #4

     Name: Median
   Points: 66
     Info: 

Data[x,y]:
2.5	  0.0
2.6	  0.0
2.7	  0.0
2.8	  0.0
2.9	  0.0
3.0	  0.0
3.1	  0.0
3.2	  0.0
3.3	  0.0
3.4	  0.0
3.5	  0.0
3.6	  0.0
3.7	  0.0
3.8	  0.0
3.9	  0.0
4.0	  0.0
4.1	  0.0
4.2	  0.0
4.3	  0.0
4.4	  0.0
4.5	  0.0
4.6	  0.0
4.7	  0.0
4.8	  0.0
4.9	  0.0
5.0	  0.0
5.1	  0.0
5.2	  0.0
5.3	  0.0
5.4	  0.0
5.5	  0.0
5.6	  0.0
5.7	  0.0
5.8	  0.0
5.9	  0.0
6.0	  0.0
6.1	  0.0
6.2	  0.0
6.3	  0.0
6.4	  0.0
6.5	  0.0
6.6	  0.0
6.7	  0.0
6.8	  0.0
6.9	  0.0
7.0	  0.0
7.1	  0.0
7.2	  0.0
7.3	  0.0
7.4	  0.0
7.5	  0.0
7.6	  0.0
7.7	  0.0
7.8	  0.0
7.9	  0.0
8.0	  0.0
8.1	  0.0
8.2	  0.0
8.3	  0.0
8.4	  0.0
8.5	  0.0
8.6	  0.0
8.7	  0.0
8.8	  0.0
8.9	  0.0
9.0	  0.0



DATASET #5

     Name: Mode
   Points: 66
     Info: 

Data[x,y]:
2.5	  0.0
2.6	  0.0
2.7	  0.0
2.8	  0.0
2.9	  0.0
3.0	  0.0
3.1	  0.0
3.2	  0.0
3.3	  0.0
3.4	  0.0
3.5	  0.0
3.6	  0.0
3.7	  0.0
3.8	  0.0
3.9	  0.0
4.0	  0.0
4.1	  0.0
4.2	  0.0
4.3	  0.0
4.4	  0.0
4.5	  0.0
4.6	  0.0
4.7	  0.0
4.8	  0.0
4.9	  0.0
5.0	  0.0
5.1	  0.0
5.2	  0.0
5.3	  0.0
5.4	  0.0
5.5	  0.0
5.6	  0.0
5.7	  0.0
5.8	  0.0
5.9	  0.0
6.0	  0.0
6.1	  0.0
6.2	  0.0
6.3	  0.0
6.4	  0.0
6.5	  0.0
6.6	  0.0
6.7	  0.0
6.8	  0.0
6.9	  0.0
7.0	  0.0
7.1	  0.0
7.2	  0.0
7.3	  0.0
7.4	  0.0
7.5	  0.0
7.6	  0.0
7.7	  0.0
7.8	  0.0
7.9	  0.0
8.0	  0.0
8.1	  0.0
8.2	  0.0
8.3	  0.0
8.4	  0.0
8.5	  0.0
8.6	  0.0
8.7	  0.0
8.8	  0.0
8.9	  0.0
9.0	  0.0



DATASET #6

     Name: 1 d Prob
   Points: 66
     Info: 

Data[x,y]:
2.5	  0.12005
2.6	  0.09798
2.7	  0.0801
2.8	  0.0649
2.9	  0.05269
3.0	  0.04247
3.1	  0.03397
3.2	  0.02725
3.3	  0.02167
3.4	  0.01737
3.5	  0.01382
3.6	  0.01105
3.7	  0.00886
3.8	  0.00716
3.9	  0.00566
4.0	  0.00452
4.1	  0.00355
4.2	  0.00292
4.3	  0.00239
4.4	  0.0019
4.5	  0.0015
4.6	  0.00118
4.7	  9.1E-4
4.8	  7.4E-4
4.9	  6.3E-4
5.0	  4.9E-4
5.1	  3.7E-4
5.2	  3.2E-4
5.3	  2.6E-4
5.4	  1.8E-4
5.5	  1.2E-4
5.6	  1.0E-4
5.7	  8.0E-5
5.8	  7.0E-5
5.9	  5.0E-5
6.0	  4.0E-5
6.1	  1.0E-5
6.2	  0.0
6.3	  0.0
6.4	  0.0
6.5	  0.0
6.6	  0.0
6.7	  0.0
6.8	  0.0
6.9	  0.0
7.0	  0.0
7.1	  0.0
7.2	  0.0
7.3	  0.0
7.4	  0.0
7.5	  0.0
7.6	  0.0
7.7	  0.0
7.8	  0.0
7.9	  0.0
8.0	  0.0
8.1	  0.0
8.2	  0.0
8.3	  0.0
8.4	  0.0
8.5	  0.0
8.6	  0.0
8.7	  0.0
8.8	  0.0
8.9	  0.0
9.0	  0.0



DATASET #7

Name: 95% Conf
Num Points: 66
Info: 

X, Y Data:
2.5	0.12005	[0.11804512	0.12208414]
2.6	0.09798	[0.09614785	0.09984312]
2.7	0.0801	[0.07842868	0.08180367]
2.8	0.0649	[0.063384816	0.06644872]
2.9	0.05269	[0.05131743	0.05409706]
3.0	0.04247	[0.041232653	0.04374264]
3.1	0.03397	[0.03286007	0.035115894]
3.2	0.02725	[0.026253993	0.028282508]
3.3	0.02167	[0.020780846	0.022596106]
3.4	0.01737	[0.016573709	0.018203601]
3.5	0.01382	[0.013109996	0.0145676145]
3.6	0.01105	[0.010415744	0.011722112]
3.7	0.00886	[0.008292915	0.009465143]
3.8	0.00716	[0.0066512013	0.007707025]
3.9	0.00566	[0.0052088383	0.0061495495]
4.0	0.00452	[0.004118076	0.0049604485]
4.1	0.00355	[0.0031952073	0.003943451]
4.2	0.00292	[0.0025994065	0.0032793537]
4.3	0.00239	[0.0021011874	0.0027176738]
4.4	0.0019	[0.0016439055	0.0021950703]
4.5	0.0015	[0.0012739196	0.0017651755]
4.6	0.00118	[9.809692E-4	0.0014182515]
4.7	9.1E-4	[7.368192E-4	0.0011225459]
4.8	7.4E-4	[5.851176E-4	9.343707E-4]
4.9	6.3E-4	[4.8809973E-4	8.114906E-4]
5.0	4.9E-4	[3.6638364E-4	6.5337867E-4]
5.1	3.7E-4	[2.6425757E-4	5.157182E-4]
5.2	3.2E-4	[2.2254742E-4	4.5754865E-4]
5.3	2.6E-4	[1.7339196E-4	3.8688924E-4]
5.4	1.8E-4	[1.0999825E-4	2.9065256E-4]
5.5	1.2E-4	[6.502256E-5	2.1610482E-4]
5.6	1.0E-4	[5.08174E-5	1.9054979E-4]
5.7	8.0E-5	[3.7198402E-5	1.6448459E-4]
5.8	7.0E-5	[3.0673422E-5	1.5121036E-4]
5.9	5.0E-5	[1.8407845E-5	1.2402E-4]
6.0	4.0E-5	[1.2813544E-5	1.10003224E-4]
6.1	1.0E-5	[5.219861E-7	6.4949265E-5]
6.2	0.0	[0.0	4.7892154E-5]
6.3	0.0	[0.0	4.7892154E-5]
6.4	0.0	[0.0	4.7892154E-5]
6.5	0.0	[0.0	4.7892154E-5]
6.6	0.0	[0.0	4.7892154E-5]
6.7	0.0	[0.0	4.7892154E-5]
6.8	0.0	[0.0	4.7892154E-5]
6.9	0.0	[0.0	4.7892154E-5]
7.0	0.0	[0.0	4.7892154E-5]
7.1	0.0	[0.0	4.7892154E-5]
7.2	0.0	[0.0	4.7892154E-5]
7.3	0.0	[0.0	4.7892154E-5]
7.4	0.0	[0.0	4.7892154E-5]
7.5	0.0	[0.0	4.7892154E-5]
7.6	0.0	[0.0	4.7892154E-5]
7.7	0.0	[0.0	4.7892154E-5]
7.8	0.0	[0.0	4.7892154E-5]
7.9	0.0	[0.0	4.7892154E-5]
8.0	0.0	[0.0	4.7892154E-5]
8.1	0.0	[0.0	4.7892154E-5]
8.2	0.0	[0.0	4.7892154E-5]
8.3	0.0	[0.0	4.7892154E-5]
8.4	0.0	[0.0	0.0]
8.5	0.0	[0.0	0.0]
8.6	0.0	[0.0	0.0]
8.7	0.0	[0.0	0.0]
8.8	0.0	[0.0	0.0]
8.9	0.0	[0.0	0.0]
9.0	0.0	[0.0	0.0]



DATASET #8

     Name: Supra
   Points: 66
     Info: 

Data[x,y]:
2.5	  0.0
2.6	  0.0
2.7	  0.0
2.8	  0.0
2.9	  0.0
3.0	  0.0
3.1	  0.0
3.2	  0.0
3.3	  0.0
3.4	  0.0
3.5	  0.0
3.6	  0.0
3.7	  0.0
3.8	  0.0
3.9	  0.0
4.0	  0.0
4.1	  0.0
4.2	  0.0
4.3	  0.0
4.4	  0.0
4.5	  0.0
4.6	  0.0
4.7	  0.0
4.8	  0.0
4.9	  0.0
5.0	  0.0
5.1	  0.0
5.2	  0.0
5.3	  0.0
5.4	  0.0
5.5	  0.0
5.6	  0.0
5.7	  0.0
5.8	  0.0
5.9	  0.0
6.0	  0.0
6.1	  0.0
6.2	  0.0
6.3	  0.0
6.4	  0.0
6.5	  0.0
6.6	  0.0
6.7	  0.0
6.8	  0.0
6.9	  0.0
7.0	  0.0
7.1	  0.0
7.2	  0.0
7.3	  0.0
7.4	  0.0
7.5	  0.0
7.6	  0.0
7.7	  0.0
7.8	  0.0
7.9	  0.0
8.0	  0.0
8.1	  0.0
8.2	  0.0
8.3	  0.0
8.4	  0.0
8.5	  0.0
8.6	  0.0
8.7	  0.0
8.8	  0.0
8.9	  0.0
9.0	  0.0



DATASET #9

     Name: Primary
   Points: 66
     Info: 

Data[x,y]:
2.5	  0.13449
2.6	  0.1069
2.7	  0.0855
2.8	  0.06798
2.9	  0.05452
3.0	  0.04322
3.1	  0.03405
3.2	  0.0269
3.3	  0.02108
3.4	  0.01683
3.5	  0.01325
3.6	  0.0105
3.7	  0.00838
3.8	  0.00672
3.9	  0.00528
4.0	  0.00421
4.1	  0.00331
4.2	  0.00274
4.3	  0.00224
4.4	  0.00176
4.5	  0.0014
4.6	  0.00109
4.7	  8.3E-4
4.8	  6.6E-4
4.9	  5.7E-4
5.0	  4.3E-4
5.1	  3.1E-4
5.2	  2.7E-4
5.3	  2.1E-4
5.4	  1.4E-4
5.5	  1.0E-4
5.6	  1.0E-4
5.7	  8.0E-5
5.8	  7.0E-5
5.9	  5.0E-5
6.0	  4.0E-5
6.1	  1.0E-5
6.2	  0.0
6.3	  0.0
6.4	  0.0
6.5	  0.0
6.6	  0.0
6.7	  0.0
6.8	  0.0
6.9	  0.0
7.0	  0.0
7.1	  0.0
7.2	  0.0
7.3	  0.0
7.4	  0.0
7.5	  0.0
7.6	  0.0
7.7	  0.0
7.8	  0.0
7.9	  0.0
8.0	  0.0
8.1	  0.0
8.2	  0.0
8.3	  0.0
8.4	  0.0
8.5	  0.0
8.6	  0.0
8.7	  0.0
8.8	  0.0
8.9	  0.0
9.0	  0.0


