
X-Axis: Magnitude
Y-Axis: 1 Month Cumulative Number
Number of Data Sets: 9


DATASET #1

     Name: Mean
   Points: 66
     Info: 

Data[x,y]:
2.5	  2.64664
2.6	  2.09995
2.7	  1.67032
2.8	  1.32623
2.9	  1.05249
3.0	  0.83606
3.1	  0.66262
3.2	  0.52771
3.3	  0.41973
3.4	  0.33346
3.5	  0.26405
3.6	  0.20961
3.7	  0.16674
3.8	  0.13292
3.9	  0.10564
4.0	  0.08368
4.1	  0.06641
4.2	  0.05257
4.3	  0.04179
4.4	  0.03307
4.5	  0.02594
4.6	  0.02051
4.7	  0.01605
4.8	  0.01276
4.9	  0.00997
5.0	  0.00768
5.1	  0.00609
5.2	  0.0048
5.3	  0.0038
5.4	  0.00294
5.5	  0.00209
5.6	  0.00165
5.7	  0.00126
5.8	  9.3E-4
5.9	  6.0E-4
6.0	  4.2E-4
6.1	  2.7E-4
6.2	  1.3E-4
6.3	  5.0E-5
6.4	  2.0E-5
6.5	  0.0
6.6	  0.0
6.7	  0.0
6.8	  0.0
6.9	  0.0
7.0	  0.0
7.1	  0.0
7.2	  0.0
7.3	  0.0
7.4	  0.0
7.5	  0.0
7.6	  0.0
7.7	  0.0
7.8	  0.0
7.9	  0.0
8.0	  0.0
8.1	  0.0
8.2	  0.0
8.3	  0.0
8.4	  0.0
8.5	  0.0
8.6	  0.0
8.7	  0.0
8.8	  0.0
8.9	  0.0
9.0	  0.0



DATASET #2

     Name: 2.5%,97.5%
   Points: 66
     Info: 

Data[x,y]:
2.5	  0.0
2.6	  0.0
2.7	  0.0
2.8	  0.0
2.9	  0.0
3.0	  0.0
3.1	  0.0
3.2	  0.0
3.3	  0.0
3.4	  0.0
3.5	  0.0
3.6	  0.0
3.7	  0.0
3.8	  0.0
3.9	  0.0
4.0	  0.0
4.1	  0.0
4.2	  0.0
4.3	  0.0
4.4	  0.0
4.5	  0.0
4.6	  0.0
4.7	  0.0
4.8	  0.0
4.9	  0.0
5.0	  0.0
5.1	  0.0
5.2	  0.0
5.3	  0.0
5.4	  0.0
5.5	  0.0
5.6	  0.0
5.7	  0.0
5.8	  0.0
5.9	  0.0
6.0	  0.0
6.1	  0.0
6.2	  0.0
6.3	  0.0
6.4	  0.0
6.5	  0.0
6.6	  0.0
6.7	  0.0
6.8	  0.0
6.9	  0.0
7.0	  0.0
7.1	  0.0
7.2	  0.0
7.3	  0.0
7.4	  0.0
7.5	  0.0
7.6	  0.0
7.7	  0.0
7.8	  0.0
7.9	  0.0
8.0	  0.0
8.1	  0.0
8.2	  0.0
8.3	  0.0
8.4	  0.0
8.5	  0.0
8.6	  0.0
8.7	  0.0
8.8	  0.0
8.9	  0.0
9.0	  0.0



DATASET #3

     Name: null
   Points: 66
     Info: 

Data[x,y]:
2.5	  11.0
2.6	  9.0
2.7	  7.0
2.8	  6.0
2.9	  5.0
3.0	  4.0
3.1	  4.0
3.2	  3.0
3.3	  3.0
3.4	  2.0
3.5	  2.0
3.6	  2.0
3.7	  1.0
3.8	  1.0
3.9	  1.0
4.0	  1.0
4.1	  1.0
4.2	  1.0
4.3	  1.0
4.4	  1.0
4.5	  0.0
4.6	  0.0
4.7	  0.0
4.8	  0.0
4.9	  0.0
5.0	  0.0
5.1	  0.0
5.2	  0.0
5.3	  0.0
5.4	  0.0
5.5	  0.0
5.6	  0.0
5.7	  0.0
5.8	  0.0
5.9	  0.0
6.0	  0.0
6.1	  0.0
6.2	  0.0
6.3	  0.0
6.4	  0.0
6.5	  0.0
6.6	  0.0
6.7	  0.0
6.8	  0.0
6.9	  0.0
7.0	  0.0
7.1	  0.0
7.2	  0.0
7.3	  0.0
7.4	  0.0
7.5	  0.0
7.6	  0.0
7.7	  0.0
7.8	  0.0
7.9	  0.0
8.0	  0.0
8.1	  0.0
8.2	  0.0
8.3	  0.0
8.4	  0.0
8.5	  0.0
8.6	  0.0
8.7	  0.0
8.8	  0.0
8.9	  0.0
9.0	  0.0



DATASET #4

     Name: Median
   Points: 66
     Info: 

Data[x,y]:
2.5	  1.0
2.6	  1.0
2.7	  1.0
2.8	  1.0
2.9	  0.0
3.0	  0.0
3.1	  0.0
3.2	  0.0
3.3	  0.0
3.4	  0.0
3.5	  0.0
3.6	  0.0
3.7	  0.0
3.8	  0.0
3.9	  0.0
4.0	  0.0
4.1	  0.0
4.2	  0.0
4.3	  0.0
4.4	  0.0
4.5	  0.0
4.6	  0.0
4.7	  0.0
4.8	  0.0
4.9	  0.0
5.0	  0.0
5.1	  0.0
5.2	  0.0
5.3	  0.0
5.4	  0.0
5.5	  0.0
5.6	  0.0
5.7	  0.0
5.8	  0.0
5.9	  0.0
6.0	  0.0
6.1	  0.0
6.2	  0.0
6.3	  0.0
6.4	  0.0
6.5	  0.0
6.6	  0.0
6.7	  0.0
6.8	  0.0
6.9	  0.0
7.0	  0.0
7.1	  0.0
7.2	  0.0
7.3	  0.0
7.4	  0.0
7.5	  0.0
7.6	  0.0
7.7	  0.0
7.8	  0.0
7.9	  0.0
8.0	  0.0
8.1	  0.0
8.2	  0.0
8.3	  0.0
8.4	  0.0
8.5	  0.0
8.6	  0.0
8.7	  0.0
8.8	  0.0
8.9	  0.0
9.0	  0.0



DATASET #5

     Name: Mode
   Points: 66
     Info: 

Data[x,y]:
2.5	  0.0
2.6	  0.0
2.7	  0.0
2.8	  0.0
2.9	  0.0
3.0	  0.0
3.1	  0.0
3.2	  0.0
3.3	  0.0
3.4	  0.0
3.5	  0.0
3.6	  0.0
3.7	  0.0
3.8	  0.0
3.9	  0.0
4.0	  0.0
4.1	  0.0
4.2	  0.0
4.3	  0.0
4.4	  0.0
4.5	  0.0
4.6	  0.0
4.7	  0.0
4.8	  0.0
4.9	  0.0
5.0	  0.0
5.1	  0.0
5.2	  0.0
5.3	  0.0
5.4	  0.0
5.5	  0.0
5.6	  0.0
5.7	  0.0
5.8	  0.0
5.9	  0.0
6.0	  0.0
6.1	  0.0
6.2	  0.0
6.3	  0.0
6.4	  0.0
6.5	  0.0
6.6	  0.0
6.7	  0.0
6.8	  0.0
6.9	  0.0
7.0	  0.0
7.1	  0.0
7.2	  0.0
7.3	  0.0
7.4	  0.0
7.5	  0.0
7.6	  0.0
7.7	  0.0
7.8	  0.0
7.9	  0.0
8.0	  0.0
8.1	  0.0
8.2	  0.0
8.3	  0.0
8.4	  0.0
8.5	  0.0
8.6	  0.0
8.7	  0.0
8.8	  0.0
8.9	  0.0
9.0	  0.0



DATASET #6

     Name: 1 mo Prob
   Points: 66
     Info: 

Data[x,y]:
2.5	  0.73602
2.6	  0.66877
2.7	  0.601
2.8	  0.53095
2.9	  0.46142
3.0	  0.39802
3.1	  0.33913
3.2	  0.28756
3.3	  0.24231
3.4	  0.20228
3.5	  0.16719
3.6	  0.13731
3.7	  0.11319
3.8	  0.09302
3.9	  0.07584
4.0	  0.06162
4.1	  0.05026
4.2	  0.04058
4.3	  0.03283
4.4	  0.02643
4.5	  0.02102
4.6	  0.01691
4.7	  0.01353
4.8	  0.01077
4.9	  0.00865
5.0	  0.00677
5.1	  0.0054
5.2	  0.00424
5.3	  0.00336
5.4	  0.00263
5.5	  0.00185
5.6	  0.00147
5.7	  0.00112
5.8	  8.3E-4
5.9	  5.7E-4
6.0	  3.9E-4
6.1	  2.5E-4
6.2	  1.3E-4
6.3	  5.0E-5
6.4	  2.0E-5
6.5	  0.0
6.6	  0.0
6.7	  0.0
6.8	  0.0
6.9	  0.0
7.0	  0.0
7.1	  0.0
7.2	  0.0
7.3	  0.0
7.4	  0.0
7.5	  0.0
7.6	  0.0
7.7	  0.0
7.8	  0.0
7.9	  0.0
8.0	  0.0
8.1	  0.0
8.2	  0.0
8.3	  0.0
8.4	  0.0
8.5	  0.0
8.6	  0.0
8.7	  0.0
8.8	  0.0
8.9	  0.0
9.0	  0.0



DATASET #7

Name: 95% Conf
Num Points: 66
Info: 

X, Y Data:
2.5	0.73602	[0.7332739	0.7387479]
2.6	0.66877	[0.6658414	0.67168564]
2.7	0.601	[0.597956	0.6040362]
2.8	0.53095	[0.5278508	0.5340468]
2.9	0.46142	[0.45832676	0.46451622]
3.0	0.39802	[0.39498508	0.40106276]
3.1	0.33913	[0.336197	0.34207538]
3.2	0.28756	[0.28475782	0.29037854]
3.3	0.24231	[0.2396592	0.24498063]
3.4	0.20228	[0.19979672	0.2047862]
3.5	0.16719	[0.16488504	0.16952059]
3.6	0.13731	[0.13518575	0.13946219]
3.7	0.11319	[0.11123618	0.115173616]
3.8	0.09302	[0.091230355	0.094841]
3.9	0.07584	[0.074210405	0.07750228]
4.0	0.06162	[0.060141418	0.063132375]
4.1	0.05026	[0.0489181	0.051636584]
4.2	0.04058	[0.039369646	0.041825797]
4.3	0.03283	[0.03173846	0.033957593]
4.4	0.02643	[0.025448903	0.027447663]
4.5	0.02102	[0.020144213	0.021932794]
4.6	0.01691	[0.01612433	0.017733017]
4.7	0.01353	[0.012827532	0.014270104]
4.8	0.01077	[0.010143924	0.011433957]
4.9	0.00865	[0.008089785	0.009248293]
5.0	0.00677	[0.006275543	0.0073027243]
5.1	0.0054	[0.0049595893	0.0058788285]
5.2	0.00424	[0.0038511064	0.004667455]
5.3	0.00336	[0.003015174	0.0037435135]
5.4	0.00263	[0.0023263982	0.002972415]
5.5	0.00185	[0.0015974714	0.0021415176]
5.6	0.00147	[0.0012463242	0.0017327813]
5.7	0.00112	[9.264345E-4	0.0013528144]
5.8	8.3E-4	[6.651964E-4	0.0010342225]
5.9	5.7E-4	[4.3565937E-4	7.4399746E-4]
6.0	3.9E-4	[2.81098E-4	5.388359E-4]
6.1	2.5E-4	[1.6531504E-4	3.7500297E-4]
6.2	1.3E-4	[7.23001E-5	2.287271E-4]
6.3	5.0E-5	[1.8407845E-5	1.2402E-4]
6.4	2.0E-5	[3.4641096E-6	8.066479E-5]
6.5	0.0	[0.0	4.7892154E-5]
6.6	0.0	[0.0	4.7892154E-5]
6.7	0.0	[0.0	4.7892154E-5]
6.8	0.0	[0.0	4.7892154E-5]
6.9	0.0	[0.0	4.7892154E-5]
7.0	0.0	[0.0	4.7892154E-5]
7.1	0.0	[0.0	4.7892154E-5]
7.2	0.0	[0.0	4.7892154E-5]
7.3	0.0	[0.0	4.7892154E-5]
7.4	0.0	[0.0	4.7892154E-5]
7.5	0.0	[0.0	4.7892154E-5]
7.6	0.0	[0.0	4.7892154E-5]
7.7	0.0	[0.0	4.7892154E-5]
7.8	0.0	[0.0	4.7892154E-5]
7.9	0.0	[0.0	4.7892154E-5]
8.0	0.0	[0.0	4.7892154E-5]
8.1	0.0	[0.0	4.7892154E-5]
8.2	0.0	[0.0	4.7892154E-5]
8.3	0.0	[0.0	4.7892154E-5]
8.4	0.0	[0.0	0.0]
8.5	0.0	[0.0	0.0]
8.6	0.0	[0.0	0.0]
8.7	0.0	[0.0	0.0]
8.8	0.0	[0.0	0.0]
8.9	0.0	[0.0	0.0]
9.0	0.0	[0.0	0.0]



DATASET #8

     Name: Supra
   Points: 66
     Info: 

Data[x,y]:
2.5	  1.0E-5
2.6	  1.0E-5
2.7	  1.0E-5
2.8	  1.0E-5
2.9	  1.0E-5
3.0	  1.0E-5
3.1	  1.0E-5
3.2	  1.0E-5
3.3	  1.0E-5
3.4	  1.0E-5
3.5	  1.0E-5
3.6	  1.0E-5
3.7	  1.0E-5
3.8	  1.0E-5
3.9	  1.0E-5
4.0	  1.0E-5
4.1	  1.0E-5
4.2	  1.0E-5
4.3	  1.0E-5
4.4	  1.0E-5
4.5	  1.0E-5
4.6	  1.0E-5
4.7	  1.0E-5
4.8	  1.0E-5
4.9	  1.0E-5
5.0	  1.0E-5
5.1	  1.0E-5
5.2	  1.0E-5
5.3	  1.0E-5
5.4	  1.0E-5
5.5	  1.0E-5
5.6	  1.0E-5
5.7	  1.0E-5
5.8	  1.0E-5
5.9	  1.0E-5
6.0	  1.0E-5
6.1	  1.0E-5
6.2	  1.0E-5
6.3	  1.0E-5
6.4	  1.0E-5
6.5	  0.0
6.6	  0.0
6.7	  0.0
6.8	  0.0
6.9	  0.0
7.0	  0.0
7.1	  0.0
7.2	  0.0
7.3	  0.0
7.4	  0.0
7.5	  0.0
7.6	  0.0
7.7	  0.0
7.8	  0.0
7.9	  0.0
8.0	  0.0
8.1	  0.0
8.2	  0.0
8.3	  0.0
8.4	  0.0
8.5	  0.0
8.6	  0.0
8.7	  0.0
8.8	  0.0
8.9	  0.0
9.0	  0.0



DATASET #9

     Name: Primary
   Points: 66
     Info: 

Data[x,y]:
2.5	  1.79916
2.6	  1.42689
2.7	  1.13461
2.8	  0.90219
2.9	  0.71533
3.0	  0.56813
3.1	  0.44978
3.2	  0.35761
3.3	  0.28472
3.4	  0.22681
3.5	  0.17965
3.6	  0.14266
3.7	  0.11367
3.8	  0.0908
3.9	  0.07198
4.0	  0.0572
4.1	  0.04545
4.2	  0.03599
4.3	  0.0286
4.4	  0.02261
4.5	  0.0176
4.6	  0.01382
4.7	  0.01095
4.8	  0.00863
4.9	  0.00683
5.0	  0.0053
5.1	  0.00416
5.2	  0.00327
5.3	  0.00255
5.4	  0.00203
5.5	  0.0014
5.6	  0.00112
5.7	  8.0E-4
5.8	  6.2E-4
5.9	  3.9E-4
6.0	  2.5E-4
6.1	  1.5E-4
6.2	  7.0E-5
6.3	  0.0
6.4	  0.0
6.5	  0.0
6.6	  0.0
6.7	  0.0
6.8	  0.0
6.9	  0.0
7.0	  0.0
7.1	  0.0
7.2	  0.0
7.3	  0.0
7.4	  0.0
7.5	  0.0
7.6	  0.0
7.7	  0.0
7.8	  0.0
7.9	  0.0
8.0	  0.0
8.1	  0.0
8.2	  0.0
8.3	  0.0
8.4	  0.0
8.5	  0.0
8.6	  0.0
8.7	  0.0
8.8	  0.0
8.9	  0.0
9.0	  0.0


