
X-Axis: Magnitude
Y-Axis: 1 Week Cumulative Number
Number of Data Sets: 9


DATASET #1

     Name: Mean
   Points: 66
     Info: 

Data[x,y]:
2.5	  0.99586
2.6	  0.79029
2.7	  0.62881
2.8	  0.49777
2.9	  0.39612
3.0	  0.31427
3.1	  0.24873
3.2	  0.1976
3.3	  0.157
3.4	  0.12443
3.5	  0.09903
3.6	  0.07881
3.7	  0.06276
3.8	  0.04994
3.9	  0.03953
4.0	  0.03143
4.1	  0.02494
4.2	  0.01987
4.3	  0.01571
4.4	  0.01229
4.5	  0.00971
4.6	  0.0077
4.7	  0.00614
4.8	  0.00495
4.9	  0.00384
5.0	  0.00298
5.1	  0.00234
5.2	  0.0019
5.3	  0.00152
5.4	  0.00119
5.5	  8.4E-4
5.6	  6.6E-4
5.7	  5.0E-4
5.8	  4.0E-4
5.9	  2.8E-4
6.0	  2.3E-4
6.1	  1.5E-4
6.2	  6.0E-5
6.3	  1.0E-5
6.4	  1.0E-5
6.5	  0.0
6.6	  0.0
6.7	  0.0
6.8	  0.0
6.9	  0.0
7.0	  0.0
7.1	  0.0
7.2	  0.0
7.3	  0.0
7.4	  0.0
7.5	  0.0
7.6	  0.0
7.7	  0.0
7.8	  0.0
7.9	  0.0
8.0	  0.0
8.1	  0.0
8.2	  0.0
8.3	  0.0
8.4	  0.0
8.5	  0.0
8.6	  0.0
8.7	  0.0
8.8	  0.0
8.9	  0.0
9.0	  0.0



DATASET #2

     Name: 2.5%,97.5%
   Points: 66
     Info: 

Data[x,y]:
2.5	  0.0
2.6	  0.0
2.7	  0.0
2.8	  0.0
2.9	  0.0
3.0	  0.0
3.1	  0.0
3.2	  0.0
3.3	  0.0
3.4	  0.0
3.5	  0.0
3.6	  0.0
3.7	  0.0
3.8	  0.0
3.9	  0.0
4.0	  0.0
4.1	  0.0
4.2	  0.0
4.3	  0.0
4.4	  0.0
4.5	  0.0
4.6	  0.0
4.7	  0.0
4.8	  0.0
4.9	  0.0
5.0	  0.0
5.1	  0.0
5.2	  0.0
5.3	  0.0
5.4	  0.0
5.5	  0.0
5.6	  0.0
5.7	  0.0
5.8	  0.0
5.9	  0.0
6.0	  0.0
6.1	  0.0
6.2	  0.0
6.3	  0.0
6.4	  0.0
6.5	  0.0
6.6	  0.0
6.7	  0.0
6.8	  0.0
6.9	  0.0
7.0	  0.0
7.1	  0.0
7.2	  0.0
7.3	  0.0
7.4	  0.0
7.5	  0.0
7.6	  0.0
7.7	  0.0
7.8	  0.0
7.9	  0.0
8.0	  0.0
8.1	  0.0
8.2	  0.0
8.3	  0.0
8.4	  0.0
8.5	  0.0
8.6	  0.0
8.7	  0.0
8.8	  0.0
8.9	  0.0
9.0	  0.0



DATASET #3

     Name: null
   Points: 66
     Info: 

Data[x,y]:
2.5	  5.0
2.6	  4.0
2.7	  3.0
2.8	  3.0
2.9	  2.0
3.0	  2.0
3.1	  2.0
3.2	  2.0
3.3	  1.0
3.4	  1.0
3.5	  1.0
3.6	  1.0
3.7	  1.0
3.8	  1.0
3.9	  1.0
4.0	  0.0
4.1	  0.0
4.2	  0.0
4.3	  0.0
4.4	  0.0
4.5	  0.0
4.6	  0.0
4.7	  0.0
4.8	  0.0
4.9	  0.0
5.0	  0.0
5.1	  0.0
5.2	  0.0
5.3	  0.0
5.4	  0.0
5.5	  0.0
5.6	  0.0
5.7	  0.0
5.8	  0.0
5.9	  0.0
6.0	  0.0
6.1	  0.0
6.2	  0.0
6.3	  0.0
6.4	  0.0
6.5	  0.0
6.6	  0.0
6.7	  0.0
6.8	  0.0
6.9	  0.0
7.0	  0.0
7.1	  0.0
7.2	  0.0
7.3	  0.0
7.4	  0.0
7.5	  0.0
7.6	  0.0
7.7	  0.0
7.8	  0.0
7.9	  0.0
8.0	  0.0
8.1	  0.0
8.2	  0.0
8.3	  0.0
8.4	  0.0
8.5	  0.0
8.6	  0.0
8.7	  0.0
8.8	  0.0
8.9	  0.0
9.0	  0.0



DATASET #4

     Name: Median
   Points: 66
     Info: 

Data[x,y]:
2.5	  0.0
2.6	  0.0
2.7	  0.0
2.8	  0.0
2.9	  0.0
3.0	  0.0
3.1	  0.0
3.2	  0.0
3.3	  0.0
3.4	  0.0
3.5	  0.0
3.6	  0.0
3.7	  0.0
3.8	  0.0
3.9	  0.0
4.0	  0.0
4.1	  0.0
4.2	  0.0
4.3	  0.0
4.4	  0.0
4.5	  0.0
4.6	  0.0
4.7	  0.0
4.8	  0.0
4.9	  0.0
5.0	  0.0
5.1	  0.0
5.2	  0.0
5.3	  0.0
5.4	  0.0
5.5	  0.0
5.6	  0.0
5.7	  0.0
5.8	  0.0
5.9	  0.0
6.0	  0.0
6.1	  0.0
6.2	  0.0
6.3	  0.0
6.4	  0.0
6.5	  0.0
6.6	  0.0
6.7	  0.0
6.8	  0.0
6.9	  0.0
7.0	  0.0
7.1	  0.0
7.2	  0.0
7.3	  0.0
7.4	  0.0
7.5	  0.0
7.6	  0.0
7.7	  0.0
7.8	  0.0
7.9	  0.0
8.0	  0.0
8.1	  0.0
8.2	  0.0
8.3	  0.0
8.4	  0.0
8.5	  0.0
8.6	  0.0
8.7	  0.0
8.8	  0.0
8.9	  0.0
9.0	  0.0



DATASET #5

     Name: Mode
   Points: 66
     Info: 

Data[x,y]:
2.5	  0.0
2.6	  0.0
2.7	  0.0
2.8	  0.0
2.9	  0.0
3.0	  0.0
3.1	  0.0
3.2	  0.0
3.3	  0.0
3.4	  0.0
3.5	  0.0
3.6	  0.0
3.7	  0.0
3.8	  0.0
3.9	  0.0
4.0	  0.0
4.1	  0.0
4.2	  0.0
4.3	  0.0
4.4	  0.0
4.5	  0.0
4.6	  0.0
4.7	  0.0
4.8	  0.0
4.9	  0.0
5.0	  0.0
5.1	  0.0
5.2	  0.0
5.3	  0.0
5.4	  0.0
5.5	  0.0
5.6	  0.0
5.7	  0.0
5.8	  0.0
5.9	  0.0
6.0	  0.0
6.1	  0.0
6.2	  0.0
6.3	  0.0
6.4	  0.0
6.5	  0.0
6.6	  0.0
6.7	  0.0
6.8	  0.0
6.9	  0.0
7.0	  0.0
7.1	  0.0
7.2	  0.0
7.3	  0.0
7.4	  0.0
7.5	  0.0
7.6	  0.0
7.7	  0.0
7.8	  0.0
7.9	  0.0
8.0	  0.0
8.1	  0.0
8.2	  0.0
8.3	  0.0
8.4	  0.0
8.5	  0.0
8.6	  0.0
8.7	  0.0
8.8	  0.0
8.9	  0.0
9.0	  0.0



DATASET #6

     Name: 1 wk Prob
   Points: 66
     Info: 

Data[x,y]:
2.5	  0.45789
2.6	  0.3934
2.7	  0.33614
2.8	  0.28411
2.9	  0.23761
3.0	  0.19744
3.1	  0.16285
3.2	  0.13337
3.3	  0.10927
3.4	  0.08889
3.5	  0.07237
3.6	  0.05857
3.7	  0.04736
3.8	  0.03837
3.9	  0.03062
4.0	  0.0248
4.1	  0.02012
4.2	  0.01635
4.3	  0.01312
4.4	  0.01044
4.5	  0.00832
4.6	  0.00667
4.7	  0.00535
4.8	  0.0043
4.9	  0.00341
5.0	  0.00271
5.1	  0.00214
5.2	  0.00173
5.3	  0.00139
5.4	  0.00107
5.5	  7.5E-4
5.6	  5.8E-4
5.7	  4.4E-4
5.8	  3.4E-4
5.9	  2.6E-4
6.0	  2.1E-4
6.1	  1.3E-4
6.2	  6.0E-5
6.3	  1.0E-5
6.4	  1.0E-5
6.5	  0.0
6.6	  0.0
6.7	  0.0
6.8	  0.0
6.9	  0.0
7.0	  0.0
7.1	  0.0
7.2	  0.0
7.3	  0.0
7.4	  0.0
7.5	  0.0
7.6	  0.0
7.7	  0.0
7.8	  0.0
7.9	  0.0
8.0	  0.0
8.1	  0.0
8.2	  0.0
8.3	  0.0
8.4	  0.0
8.5	  0.0
8.6	  0.0
8.7	  0.0
8.8	  0.0
8.9	  0.0
9.0	  0.0



DATASET #7

Name: 95% Conf
Num Points: 66
Info: 

X, Y Data:
2.5	0.45789	[0.45479867	0.4609846]
2.6	0.3934	[0.39037138	0.39643684]
2.7	0.33614	[0.33321348	0.33907914]
2.8	0.28411	[0.2813181	0.28691852]
2.9	0.23761	[0.23497711	0.24026307]
3.0	0.19744	[0.19497941	0.19992387]
3.1	0.16285	[0.16056949	0.16515647]
3.2	0.13337	[0.13127193	0.1354963]
3.3	0.10927	[0.10734637	0.11122373]
3.4	0.08889	[0.087136924	0.09067475]
3.5	0.07237	[0.07077551	0.073997445]
3.6	0.05857	[0.057126526	0.060047504]
3.7	0.04736	[0.04605585	0.04869906]
3.8	0.03837	[0.037192125	0.03958349]
3.9	0.03062	[0.029565144	0.031711087]
4.0	0.0248	[0.023849303	0.025787396]
4.1	0.02012	[0.019263087	0.021013994]
4.2	0.01635	[0.01557747	0.017159924]
4.3	0.01312	[0.012428332	0.013849339]
4.4	0.01044	[0.009823706	0.011094205]
4.5	0.00832	[0.007770756	0.008907354]
4.6	0.00667	[0.0061792876	0.00719899]
4.7	0.00535	[0.0049116863	0.005826737]
4.8	0.0043	[0.0039082784	0.004730275]
4.9	0.00341	[0.0030625244	0.0037961556]
5.0	0.00271	[0.0024016206	0.0030571776]
5.1	0.00214	[0.0018674099	0.0024515064]
5.2	0.00173	[0.0014862318	0.0020127909]
5.3	0.00139	[0.0011728592	0.0016462752]
5.4	0.00107	[8.811017E-4	0.0012981723]
5.5	7.5E-4	[5.9398665E-4	9.454934E-4]
5.6	5.8E-4	[4.4437288E-4	7.552722E-4]
5.7	4.4E-4	[3.2353326E-4	5.96308E-4]
5.8	3.4E-4	[2.3915971E-4	4.8088527E-4]
5.9	2.6E-4	[1.7339196E-4	3.8688924E-4]
6.0	2.1E-4	[1.3341404E-4	3.27075E-4]
6.1	1.3E-4	[7.23001E-5	2.287271E-4]
6.2	6.0E-5	[2.4390289E-5	1.377361E-4]
6.3	1.0E-5	[5.219861E-7	6.4949265E-5]
6.4	1.0E-5	[5.219861E-7	6.4949265E-5]
6.5	0.0	[0.0	4.7892154E-5]
6.6	0.0	[0.0	4.7892154E-5]
6.7	0.0	[0.0	4.7892154E-5]
6.8	0.0	[0.0	4.7892154E-5]
6.9	0.0	[0.0	4.7892154E-5]
7.0	0.0	[0.0	4.7892154E-5]
7.1	0.0	[0.0	4.7892154E-5]
7.2	0.0	[0.0	4.7892154E-5]
7.3	0.0	[0.0	4.7892154E-5]
7.4	0.0	[0.0	4.7892154E-5]
7.5	0.0	[0.0	4.7892154E-5]
7.6	0.0	[0.0	4.7892154E-5]
7.7	0.0	[0.0	4.7892154E-5]
7.8	0.0	[0.0	4.7892154E-5]
7.9	0.0	[0.0	4.7892154E-5]
8.0	0.0	[0.0	4.7892154E-5]
8.1	0.0	[0.0	4.7892154E-5]
8.2	0.0	[0.0	4.7892154E-5]
8.3	0.0	[0.0	4.7892154E-5]
8.4	0.0	[0.0	0.0]
8.5	0.0	[0.0	0.0]
8.6	0.0	[0.0	0.0]
8.7	0.0	[0.0	0.0]
8.8	0.0	[0.0	0.0]
8.9	0.0	[0.0	0.0]
9.0	0.0	[0.0	0.0]



DATASET #8

     Name: Supra
   Points: 66
     Info: 

Data[x,y]:
2.5	  1.0E-5
2.6	  1.0E-5
2.7	  1.0E-5
2.8	  1.0E-5
2.9	  1.0E-5
3.0	  1.0E-5
3.1	  1.0E-5
3.2	  1.0E-5
3.3	  1.0E-5
3.4	  1.0E-5
3.5	  1.0E-5
3.6	  1.0E-5
3.7	  1.0E-5
3.8	  1.0E-5
3.9	  1.0E-5
4.0	  1.0E-5
4.1	  1.0E-5
4.2	  1.0E-5
4.3	  1.0E-5
4.4	  1.0E-5
4.5	  1.0E-5
4.6	  1.0E-5
4.7	  1.0E-5
4.8	  1.0E-5
4.9	  1.0E-5
5.0	  1.0E-5
5.1	  1.0E-5
5.2	  1.0E-5
5.3	  1.0E-5
5.4	  1.0E-5
5.5	  1.0E-5
5.6	  1.0E-5
5.7	  1.0E-5
5.8	  1.0E-5
5.9	  1.0E-5
6.0	  1.0E-5
6.1	  1.0E-5
6.2	  1.0E-5
6.3	  1.0E-5
6.4	  1.0E-5
6.5	  0.0
6.6	  0.0
6.7	  0.0
6.8	  0.0
6.9	  0.0
7.0	  0.0
7.1	  0.0
7.2	  0.0
7.3	  0.0
7.4	  0.0
7.5	  0.0
7.6	  0.0
7.7	  0.0
7.8	  0.0
7.9	  0.0
8.0	  0.0
8.1	  0.0
8.2	  0.0
8.3	  0.0
8.4	  0.0
8.5	  0.0
8.6	  0.0
8.7	  0.0
8.8	  0.0
8.9	  0.0
9.0	  0.0



DATASET #9

     Name: Primary
   Points: 66
     Info: 

Data[x,y]:
2.5	  0.72543
2.6	  0.57571
2.7	  0.45782
2.8	  0.36333
2.9	  0.28854
3.0	  0.22886
3.1	  0.1809
3.2	  0.1433
3.3	  0.1138
3.4	  0.09023
3.5	  0.07186
3.6	  0.05731
3.7	  0.04557
3.8	  0.03626
3.9	  0.0285
4.0	  0.02287
4.1	  0.01831
4.2	  0.01463
4.3	  0.01161
4.4	  0.00903
4.5	  0.00714
4.6	  0.00561
4.7	  0.00446
4.8	  0.00357
4.9	  0.00279
5.0	  0.00219
5.1	  0.0017
5.2	  0.00135
5.3	  0.00107
5.4	  8.5E-4
5.5	  6.0E-4
5.6	  4.9E-4
5.7	  3.6E-4
5.8	  2.9E-4
5.9	  2.1E-4
6.0	  1.7E-4
6.1	  1.0E-4
6.2	  5.0E-5
6.3	  0.0
6.4	  0.0
6.5	  0.0
6.6	  0.0
6.7	  0.0
6.8	  0.0
6.9	  0.0
7.0	  0.0
7.1	  0.0
7.2	  0.0
7.3	  0.0
7.4	  0.0
7.5	  0.0
7.6	  0.0
7.7	  0.0
7.8	  0.0
7.9	  0.0
8.0	  0.0
8.1	  0.0
8.2	  0.0
8.3	  0.0
8.4	  0.0
8.5	  0.0
8.6	  0.0
8.7	  0.0
8.8	  0.0
8.9	  0.0
9.0	  0.0


