
X-Axis: Magnitude
Y-Axis: 1 Year Cumulative Number
Number of Data Sets: 9


DATASET #1

     Name: Mean
   Points: 66
     Info: 

Data[x,y]:
2.5	  6.35156
2.6	  5.04402
2.7	  4.00965
2.8	  3.18843
2.9	  2.5328
3.0	  2.01381
3.1	  1.59979
3.2	  1.27157
3.3	  1.01125
3.4	  0.80386
3.5	  0.63778
3.6	  0.50607
3.7	  0.40205
3.8	  0.31857
3.9	  0.25292
4.0	  0.20002
4.1	  0.15816
4.2	  0.12542
4.3	  0.1002
4.4	  0.07948
4.5	  0.06281
4.6	  0.04961
4.7	  0.03895
4.8	  0.03078
4.9	  0.02414
5.0	  0.01905
5.1	  0.01499
5.2	  0.01153
5.3	  0.0088
5.4	  0.00669
5.5	  0.00499
5.6	  0.00387
5.7	  0.00283
5.8	  0.00191
5.9	  0.00133
6.0	  9.0E-4
6.1	  5.3E-4
6.2	  3.2E-4
6.3	  2.4E-4
6.4	  1.5E-4
6.5	  1.2E-4
6.6	  1.0E-4
6.7	  9.0E-5
6.8	  7.0E-5
6.9	  6.0E-5
7.0	  5.0E-5
7.1	  5.0E-5
7.2	  4.0E-5
7.3	  4.0E-5
7.4	  4.0E-5
7.5	  4.0E-5
7.6	  3.0E-5
7.7	  3.0E-5
7.8	  2.0E-5
7.9	  1.0E-5
8.0	  1.0E-5
8.1	  1.0E-5
8.2	  0.0
8.3	  0.0
8.4	  0.0
8.5	  0.0
8.6	  0.0
8.7	  0.0
8.8	  0.0
8.9	  0.0
9.0	  0.0



DATASET #2

     Name: 2.5%,97.5%
   Points: 66
     Info: 

Data[x,y]:
2.5	  0.0
2.6	  0.0
2.7	  0.0
2.8	  0.0
2.9	  0.0
3.0	  0.0
3.1	  0.0
3.2	  0.0
3.3	  0.0
3.4	  0.0
3.5	  0.0
3.6	  0.0
3.7	  0.0
3.8	  0.0
3.9	  0.0
4.0	  0.0
4.1	  0.0
4.2	  0.0
4.3	  0.0
4.4	  0.0
4.5	  0.0
4.6	  0.0
4.7	  0.0
4.8	  0.0
4.9	  0.0
5.0	  0.0
5.1	  0.0
5.2	  0.0
5.3	  0.0
5.4	  0.0
5.5	  0.0
5.6	  0.0
5.7	  0.0
5.8	  0.0
5.9	  0.0
6.0	  0.0
6.1	  0.0
6.2	  0.0
6.3	  0.0
6.4	  0.0
6.5	  0.0
6.6	  0.0
6.7	  0.0
6.8	  0.0
6.9	  0.0
7.0	  0.0
7.1	  0.0
7.2	  0.0
7.3	  0.0
7.4	  0.0
7.5	  0.0
7.6	  0.0
7.7	  0.0
7.8	  0.0
7.9	  0.0
8.0	  0.0
8.1	  0.0
8.2	  0.0
8.3	  0.0
8.4	  0.0
8.5	  0.0
8.6	  0.0
8.7	  0.0
8.8	  0.0
8.9	  0.0
9.0	  0.0



DATASET #3

     Name: null
   Points: 66
     Info: 

Data[x,y]:
2.5	  25.0
2.6	  20.0
2.7	  16.0
2.8	  13.0
2.9	  11.0
3.0	  9.0
3.1	  7.0
3.2	  6.0
3.3	  5.0
3.4	  4.0
3.5	  4.0
3.6	  3.0
3.7	  3.0
3.8	  2.0
3.9	  2.0
4.0	  2.0
4.1	  1.0
4.2	  1.0
4.3	  1.0
4.4	  1.0
4.5	  1.0
4.6	  1.0
4.7	  1.0
4.8	  0.0
4.9	  0.0
5.0	  0.0
5.1	  0.0
5.2	  0.0
5.3	  0.0
5.4	  0.0
5.5	  0.0
5.6	  0.0
5.7	  0.0
5.8	  0.0
5.9	  0.0
6.0	  0.0
6.1	  0.0
6.2	  0.0
6.3	  0.0
6.4	  0.0
6.5	  0.0
6.6	  0.0
6.7	  0.0
6.8	  0.0
6.9	  0.0
7.0	  0.0
7.1	  0.0
7.2	  0.0
7.3	  0.0
7.4	  0.0
7.5	  0.0
7.6	  0.0
7.7	  0.0
7.8	  0.0
7.9	  0.0
8.0	  0.0
8.1	  0.0
8.2	  0.0
8.3	  0.0
8.4	  0.0
8.5	  0.0
8.6	  0.0
8.7	  0.0
8.8	  0.0
8.9	  0.0
9.0	  0.0



DATASET #4

     Name: Median
   Points: 66
     Info: 

Data[x,y]:
2.5	  3.0
2.6	  2.0
2.7	  2.0
2.8	  1.0
2.9	  1.0
3.0	  1.0
3.1	  1.0
3.2	  0.0
3.3	  0.0
3.4	  0.0
3.5	  0.0
3.6	  0.0
3.7	  0.0
3.8	  0.0
3.9	  0.0
4.0	  0.0
4.1	  0.0
4.2	  0.0
4.3	  0.0
4.4	  0.0
4.5	  0.0
4.6	  0.0
4.7	  0.0
4.8	  0.0
4.9	  0.0
5.0	  0.0
5.1	  0.0
5.2	  0.0
5.3	  0.0
5.4	  0.0
5.5	  0.0
5.6	  0.0
5.7	  0.0
5.8	  0.0
5.9	  0.0
6.0	  0.0
6.1	  0.0
6.2	  0.0
6.3	  0.0
6.4	  0.0
6.5	  0.0
6.6	  0.0
6.7	  0.0
6.8	  0.0
6.9	  0.0
7.0	  0.0
7.1	  0.0
7.2	  0.0
7.3	  0.0
7.4	  0.0
7.5	  0.0
7.6	  0.0
7.7	  0.0
7.8	  0.0
7.9	  0.0
8.0	  0.0
8.1	  0.0
8.2	  0.0
8.3	  0.0
8.4	  0.0
8.5	  0.0
8.6	  0.0
8.7	  0.0
8.8	  0.0
8.9	  0.0
9.0	  0.0



DATASET #5

     Name: Mode
   Points: 66
     Info: 

Data[x,y]:
2.5	  1.0
2.6	  1.0
2.7	  1.0
2.8	  0.0
2.9	  0.0
3.0	  0.0
3.1	  0.0
3.2	  0.0
3.3	  0.0
3.4	  0.0
3.5	  0.0
3.6	  0.0
3.7	  0.0
3.8	  0.0
3.9	  0.0
4.0	  0.0
4.1	  0.0
4.2	  0.0
4.3	  0.0
4.4	  0.0
4.5	  0.0
4.6	  0.0
4.7	  0.0
4.8	  0.0
4.9	  0.0
5.0	  0.0
5.1	  0.0
5.2	  0.0
5.3	  0.0
5.4	  0.0
5.5	  0.0
5.6	  0.0
5.7	  0.0
5.8	  0.0
5.9	  0.0
6.0	  0.0
6.1	  0.0
6.2	  0.0
6.3	  0.0
6.4	  0.0
6.5	  0.0
6.6	  0.0
6.7	  0.0
6.8	  0.0
6.9	  0.0
7.0	  0.0
7.1	  0.0
7.2	  0.0
7.3	  0.0
7.4	  0.0
7.5	  0.0
7.6	  0.0
7.7	  0.0
7.8	  0.0
7.9	  0.0
8.0	  0.0
8.1	  0.0
8.2	  0.0
8.3	  0.0
8.4	  0.0
8.5	  0.0
8.6	  0.0
8.7	  0.0
8.8	  0.0
8.9	  0.0
9.0	  0.0



DATASET #6

     Name: 1 yr Prob
   Points: 66
     Info: 

Data[x,y]:
2.5	  0.89396
2.6	  0.84761
2.7	  0.79227
2.8	  0.73177
2.9	  0.665
3.0	  0.59734
3.1	  0.52828
3.2	  0.46397
3.3	  0.40194
3.4	  0.34516
3.5	  0.29355
3.6	  0.24735
3.7	  0.20764
3.8	  0.17308
3.9	  0.14352
4.0	  0.11812
4.1	  0.09645
4.2	  0.07874
4.3	  0.06467
4.4	  0.05256
4.5	  0.04263
4.6	  0.03463
4.7	  0.02772
4.8	  0.02219
4.9	  0.01795
5.0	  0.01436
5.1	  0.01158
5.2	  0.00909
5.3	  0.00714
5.4	  0.00561
5.5	  0.00427
5.6	  0.00338
5.7	  0.00244
5.8	  0.00166
5.9	  0.00119
6.0	  7.9E-4
6.1	  4.8E-4
6.2	  2.9E-4
6.3	  2.1E-4
6.4	  1.4E-4
6.5	  1.1E-4
6.6	  9.0E-5
6.7	  9.0E-5
6.8	  7.0E-5
6.9	  6.0E-5
7.0	  5.0E-5
7.1	  5.0E-5
7.2	  4.0E-5
7.3	  4.0E-5
7.4	  4.0E-5
7.5	  4.0E-5
7.6	  3.0E-5
7.7	  3.0E-5
7.8	  2.0E-5
7.9	  1.0E-5
8.0	  1.0E-5
8.1	  1.0E-5
8.2	  0.0
8.3	  0.0
8.4	  0.0
8.5	  0.0
8.6	  0.0
8.7	  0.0
8.8	  0.0
8.9	  0.0
9.0	  0.0



DATASET #7

Name: 95% Conf
Num Points: 66
Info: 

X, Y Data:
2.5	0.89396	[0.8920315	0.89585817]
2.6	0.84761	[0.84536403	0.8498292]
2.7	0.79227	[0.7897393	0.79477817]
2.8	0.73177	[0.72901016	0.73451203]
2.9	0.665	[0.6620633	0.66792405]
3.0	0.59734	[0.59429157	0.60038096]
3.1	0.52828	[0.5251799	0.5313779]
3.2	0.46397	[0.46087548	0.4670673]
3.3	0.40194	[0.39889997	0.40498757]
3.4	0.34516	[0.34221432	0.3481176]
3.5	0.29355	[0.29073048	0.29638544]
3.6	0.24735	[0.24468046	0.25003898]
3.7	0.20764	[0.20513223	0.21017027]
3.8	0.17308	[0.17074277	0.1754424]
3.9	0.14352	[0.14135566	0.14571178]
4.0	0.11812	[0.116129264	0.12014015]
4.1	0.09645	[0.0946308	0.098300286]
4.2	0.07874	[0.077081844	0.08043062]
4.3	0.06467	[0.06315735	0.06621621]
4.4	0.05256	[0.05118905	0.05396545]
4.5	0.04263	[0.0413904	0.043904882]
4.6	0.03463	[0.03350958	0.035786334]
4.7	0.02772	[0.026715556	0.028760906]
4.8	0.02219	[0.021290308	0.023126604]
4.9	0.01795	[0.017140523	0.018796738]
5.0	0.01436	[0.013636178	0.015121385]
5.1	0.01158	[0.010930548	0.01226726]
5.2	0.00909	[0.0085154865	0.009702549]
5.3	0.00714	[0.006631927	0.0076863016]
5.4	0.00561	[0.005160886	0.0060975077]
5.5	0.00427	[0.0038796898	0.0046988674]
5.6	0.00338	[0.0030341118	0.0037645726]
5.7	0.00244	[0.0021480469	0.002770804]
5.8	0.00166	[0.0014214832	0.0019375603]
5.9	0.00119	[9.900719E-4	0.0014291443]
6.0	7.9E-4	[6.2953605E-4	9.899123E-4]
6.1	4.8E-4	[3.5778355E-4	6.419936E-4]
6.2	2.9E-4	[1.978313E-4	4.2235057E-4]
6.3	2.1E-4	[1.3341404E-4	3.27075E-4]
6.4	1.4E-4	[7.967705E-5	2.4126013E-4]
6.5	1.1E-4	[5.7856672E-5	2.0338313E-4]
6.6	9.0E-5	[4.39234E-5	1.7758983E-4]
6.7	9.0E-5	[4.39234E-5	1.7758983E-4]
6.8	7.0E-5	[3.0673422E-5	1.5121036E-4]
6.9	6.0E-5	[2.4390289E-5	1.377361E-4]
7.0	5.0E-5	[1.8407845E-5	1.2402E-4]
7.1	5.0E-5	[1.8407845E-5	1.2402E-4]
7.2	4.0E-5	[1.2813544E-5	1.10003224E-4]
7.3	4.0E-5	[1.2813544E-5	1.10003224E-4]
7.4	4.0E-5	[1.2813544E-5	1.10003224E-4]
7.5	4.0E-5	[1.2813544E-5	1.10003224E-4]
7.6	3.0E-5	[7.747817E-6	9.559829E-5]
7.7	3.0E-5	[7.747817E-6	9.559829E-5]
7.8	2.0E-5	[3.4641096E-6	8.066479E-5]
7.9	1.0E-5	[5.219861E-7	6.4949265E-5]
8.0	1.0E-5	[5.219861E-7	6.4949265E-5]
8.1	1.0E-5	[5.219861E-7	6.4949265E-5]
8.2	0.0	[0.0	4.7892154E-5]
8.3	0.0	[0.0	4.7892154E-5]
8.4	0.0	[0.0	0.0]
8.5	0.0	[0.0	0.0]
8.6	0.0	[0.0	0.0]
8.7	0.0	[0.0	0.0]
8.8	0.0	[0.0	0.0]
8.9	0.0	[0.0	0.0]
9.0	0.0	[0.0	0.0]



DATASET #8

     Name: Supra
   Points: 66
     Info: 

Data[x,y]:
2.5	  1.0E-4
2.6	  1.0E-4
2.7	  1.0E-4
2.8	  1.0E-4
2.9	  1.0E-4
3.0	  1.0E-4
3.1	  1.0E-4
3.2	  1.0E-4
3.3	  1.0E-4
3.4	  1.0E-4
3.5	  1.0E-4
3.6	  1.0E-4
3.7	  1.0E-4
3.8	  1.0E-4
3.9	  1.0E-4
4.0	  1.0E-4
4.1	  1.0E-4
4.2	  1.0E-4
4.3	  1.0E-4
4.4	  1.0E-4
4.5	  1.0E-4
4.6	  1.0E-4
4.7	  1.0E-4
4.8	  1.0E-4
4.9	  1.0E-4
5.0	  1.0E-4
5.1	  1.0E-4
5.2	  1.0E-4
5.3	  1.0E-4
5.4	  1.0E-4
5.5	  1.0E-4
5.6	  1.0E-4
5.7	  1.0E-4
5.8	  1.0E-4
5.9	  1.0E-4
6.0	  1.0E-4
6.1	  1.0E-4
6.2	  9.0E-5
6.3	  9.0E-5
6.4	  9.0E-5
6.5	  8.0E-5
6.6	  7.0E-5
6.7	  7.0E-5
6.8	  7.0E-5
6.9	  6.0E-5
7.0	  5.0E-5
7.1	  5.0E-5
7.2	  4.0E-5
7.3	  4.0E-5
7.4	  4.0E-5
7.5	  4.0E-5
7.6	  3.0E-5
7.7	  3.0E-5
7.8	  2.0E-5
7.9	  1.0E-5
8.0	  1.0E-5
8.1	  1.0E-5
8.2	  0.0
8.3	  0.0
8.4	  0.0
8.5	  0.0
8.6	  0.0
8.7	  0.0
8.8	  0.0
8.9	  0.0
9.0	  0.0



DATASET #9

     Name: Primary
   Points: 66
     Info: 

Data[x,y]:
2.5	  3.41268
2.6	  2.70873
2.7	  2.15459
2.8	  1.71485
2.9	  1.36082
3.0	  1.08064
3.1	  0.85679
3.2	  0.68173
3.3	  0.54283
3.4	  0.43211
3.5	  0.34294
3.6	  0.2716
3.7	  0.2163
3.8	  0.1718
3.9	  0.13627
4.0	  0.10782
4.1	  0.08504
4.2	  0.06725
4.3	  0.05375
4.4	  0.04239
4.5	  0.03353
4.6	  0.02659
4.7	  0.02088
4.8	  0.0163
4.9	  0.01298
5.0	  0.01009
5.1	  0.00798
5.2	  0.00614
5.3	  0.00466
5.4	  0.00364
5.5	  0.00272
5.6	  0.00209
5.7	  0.00144
5.8	  9.4E-4
5.9	  6.4E-4
6.0	  4.1E-4
6.1	  2.7E-4
6.2	  1.3E-4
6.3	  8.0E-5
6.4	  5.0E-5
6.5	  4.0E-5
6.6	  4.0E-5
6.7	  4.0E-5
6.8	  4.0E-5
6.9	  4.0E-5
7.0	  3.0E-5
7.1	  3.0E-5
7.2	  2.0E-5
7.3	  2.0E-5
7.4	  2.0E-5
7.5	  2.0E-5
7.6	  1.0E-5
7.7	  1.0E-5
7.8	  1.0E-5
7.9	  0.0
8.0	  0.0
8.1	  0.0
8.2	  0.0
8.3	  0.0
8.4	  0.0
8.5	  0.0
8.6	  0.0
8.7	  0.0
8.8	  0.0
8.9	  0.0
9.0	  0.0


