
X-Axis: Magnitude
Y-Axis: 10 Year Cumulative Number
Number of Data Sets: 9


DATASET #1

     Name: Mean
   Points: 66
     Info: 

Data[x,y]:
2.5	  4.20216
2.6	  3.3358
2.7	  2.65055
2.8	  2.10321
2.9	  1.67101
3.0	  1.32796
3.1	  1.05558
3.2	  0.83701
3.3	  0.6661
3.4	  0.5282
3.5	  0.41903
3.6	  0.33319
3.7	  0.26395
3.8	  0.20947
3.9	  0.16647
4.0	  0.13232
4.1	  0.10555
4.2	  0.08348
4.3	  0.06613
4.4	  0.05256
4.5	  0.04106
4.6	  0.03228
4.7	  0.02537
4.8	  0.01998
4.9	  0.01566
5.0	  0.01247
5.1	  0.00982
5.2	  0.00758
5.3	  0.00584
5.4	  0.00455
5.5	  0.0033
5.6	  0.00232
5.7	  0.00163
5.8	  0.00114
5.9	  6.3E-4
6.0	  4.0E-4
6.1	  2.7E-4
6.2	  2.2E-4
6.3	  1.9E-4
6.4	  1.7E-4
6.5	  7.0E-5
6.6	  6.0E-5
6.7	  4.0E-5
6.8	  4.0E-5
6.9	  3.0E-5
7.0	  1.0E-5
7.1	  1.0E-5
7.2	  1.0E-5
7.3	  0.0
7.4	  0.0
7.5	  0.0
7.6	  0.0
7.7	  0.0
7.8	  0.0
7.9	  0.0
8.0	  0.0
8.1	  0.0
8.2	  0.0
8.3	  0.0
8.4	  0.0
8.5	  0.0
8.6	  0.0
8.7	  0.0
8.8	  0.0
8.9	  0.0
9.0	  0.0



DATASET #2

     Name: 2.5%,97.5%
   Points: 66
     Info: 

Data[x,y]:
2.5	  0.0
2.6	  0.0
2.7	  0.0
2.8	  0.0
2.9	  0.0
3.0	  0.0
3.1	  0.0
3.2	  0.0
3.3	  0.0
3.4	  0.0
3.5	  0.0
3.6	  0.0
3.7	  0.0
3.8	  0.0
3.9	  0.0
4.0	  0.0
4.1	  0.0
4.2	  0.0
4.3	  0.0
4.4	  0.0
4.5	  0.0
4.6	  0.0
4.7	  0.0
4.8	  0.0
4.9	  0.0
5.0	  0.0
5.1	  0.0
5.2	  0.0
5.3	  0.0
5.4	  0.0
5.5	  0.0
5.6	  0.0
5.7	  0.0
5.8	  0.0
5.9	  0.0
6.0	  0.0
6.1	  0.0
6.2	  0.0
6.3	  0.0
6.4	  0.0
6.5	  0.0
6.6	  0.0
6.7	  0.0
6.8	  0.0
6.9	  0.0
7.0	  0.0
7.1	  0.0
7.2	  0.0
7.3	  0.0
7.4	  0.0
7.5	  0.0
7.6	  0.0
7.7	  0.0
7.8	  0.0
7.9	  0.0
8.0	  0.0
8.1	  0.0
8.2	  0.0
8.3	  0.0
8.4	  0.0
8.5	  0.0
8.6	  0.0
8.7	  0.0
8.8	  0.0
8.9	  0.0
9.0	  0.0



DATASET #3

     Name: null
   Points: 66
     Info: 

Data[x,y]:
2.5	  14.0
2.6	  12.0
2.7	  10.0
2.8	  8.0
2.9	  7.0
3.0	  6.0
3.1	  5.0
3.2	  4.0
3.3	  4.0
3.4	  3.0
3.5	  3.0
3.6	  2.0
3.7	  2.0
3.8	  2.0
3.9	  1.0
4.0	  1.0
4.1	  1.0
4.2	  1.0
4.3	  1.0
4.4	  1.0
4.5	  1.0
4.6	  0.0
4.7	  0.0
4.8	  0.0
4.9	  0.0
5.0	  0.0
5.1	  0.0
5.2	  0.0
5.3	  0.0
5.4	  0.0
5.5	  0.0
5.6	  0.0
5.7	  0.0
5.8	  0.0
5.9	  0.0
6.0	  0.0
6.1	  0.0
6.2	  0.0
6.3	  0.0
6.4	  0.0
6.5	  0.0
6.6	  0.0
6.7	  0.0
6.8	  0.0
6.9	  0.0
7.0	  0.0
7.1	  0.0
7.2	  0.0
7.3	  0.0
7.4	  0.0
7.5	  0.0
7.6	  0.0
7.7	  0.0
7.8	  0.0
7.9	  0.0
8.0	  0.0
8.1	  0.0
8.2	  0.0
8.3	  0.0
8.4	  0.0
8.5	  0.0
8.6	  0.0
8.7	  0.0
8.8	  0.0
8.9	  0.0
9.0	  0.0



DATASET #4

     Name: Median
   Points: 66
     Info: 

Data[x,y]:
2.5	  2.0
2.6	  2.0
2.7	  1.0
2.8	  1.0
2.9	  1.0
3.0	  1.0
3.1	  0.0
3.2	  0.0
3.3	  0.0
3.4	  0.0
3.5	  0.0
3.6	  0.0
3.7	  0.0
3.8	  0.0
3.9	  0.0
4.0	  0.0
4.1	  0.0
4.2	  0.0
4.3	  0.0
4.4	  0.0
4.5	  0.0
4.6	  0.0
4.7	  0.0
4.8	  0.0
4.9	  0.0
5.0	  0.0
5.1	  0.0
5.2	  0.0
5.3	  0.0
5.4	  0.0
5.5	  0.0
5.6	  0.0
5.7	  0.0
5.8	  0.0
5.9	  0.0
6.0	  0.0
6.1	  0.0
6.2	  0.0
6.3	  0.0
6.4	  0.0
6.5	  0.0
6.6	  0.0
6.7	  0.0
6.8	  0.0
6.9	  0.0
7.0	  0.0
7.1	  0.0
7.2	  0.0
7.3	  0.0
7.4	  0.0
7.5	  0.0
7.6	  0.0
7.7	  0.0
7.8	  0.0
7.9	  0.0
8.0	  0.0
8.1	  0.0
8.2	  0.0
8.3	  0.0
8.4	  0.0
8.5	  0.0
8.6	  0.0
8.7	  0.0
8.8	  0.0
8.9	  0.0
9.0	  0.0



DATASET #5

     Name: Mode
   Points: 66
     Info: 

Data[x,y]:
2.5	  1.0
2.6	  1.0
2.7	  1.0
2.8	  0.0
2.9	  0.0
3.0	  0.0
3.1	  0.0
3.2	  0.0
3.3	  0.0
3.4	  0.0
3.5	  0.0
3.6	  0.0
3.7	  0.0
3.8	  0.0
3.9	  0.0
4.0	  0.0
4.1	  0.0
4.2	  0.0
4.3	  0.0
4.4	  0.0
4.5	  0.0
4.6	  0.0
4.7	  0.0
4.8	  0.0
4.9	  0.0
5.0	  0.0
5.1	  0.0
5.2	  0.0
5.3	  0.0
5.4	  0.0
5.5	  0.0
5.6	  0.0
5.7	  0.0
5.8	  0.0
5.9	  0.0
6.0	  0.0
6.1	  0.0
6.2	  0.0
6.3	  0.0
6.4	  0.0
6.5	  0.0
6.6	  0.0
6.7	  0.0
6.8	  0.0
6.9	  0.0
7.0	  0.0
7.1	  0.0
7.2	  0.0
7.3	  0.0
7.4	  0.0
7.5	  0.0
7.6	  0.0
7.7	  0.0
7.8	  0.0
7.9	  0.0
8.0	  0.0
8.1	  0.0
8.2	  0.0
8.3	  0.0
8.4	  0.0
8.5	  0.0
8.6	  0.0
8.7	  0.0
8.8	  0.0
8.9	  0.0
9.0	  0.0



DATASET #6

     Name: 10 yr Prob
   Points: 66
     Info: 

Data[x,y]:
2.5	  0.88092
2.6	  0.81938
2.7	  0.74848
2.8	  0.67106
2.9	  0.59238
3.0	  0.51451
3.1	  0.442
3.2	  0.37594
3.3	  0.3163
3.4	  0.26389
3.5	  0.21884
3.6	  0.18059
3.7	  0.14846
3.8	  0.12158
3.9	  0.09909
4.0	  0.08083
4.1	  0.06602
4.2	  0.05316
4.3	  0.04306
4.4	  0.03483
4.5	  0.02772
4.6	  0.02235
4.7	  0.01795
4.8	  0.01437
4.9	  0.01128
5.0	  0.00924
5.1	  0.00755
5.2	  0.00592
5.3	  0.00462
5.4	  0.00369
5.5	  0.00271
5.6	  0.00191
5.7	  0.00138
5.8	  9.8E-4
5.9	  5.4E-4
6.0	  3.4E-4
6.1	  2.5E-4
6.2	  2.0E-4
6.3	  1.7E-4
6.4	  1.6E-4
6.5	  6.0E-5
6.6	  5.0E-5
6.7	  3.0E-5
6.8	  3.0E-5
6.9	  2.0E-5
7.0	  1.0E-5
7.1	  1.0E-5
7.2	  1.0E-5
7.3	  0.0
7.4	  0.0
7.5	  0.0
7.6	  0.0
7.7	  0.0
7.8	  0.0
7.9	  0.0
8.0	  0.0
8.1	  0.0
8.2	  0.0
8.3	  0.0
8.4	  0.0
8.5	  0.0
8.6	  0.0
8.7	  0.0
8.8	  0.0
8.9	  0.0
9.0	  0.0



DATASET #7

Name: 95% Conf
Num Points: 66
Info: 

X, Y Data:
2.5	0.88092	[0.8788929	0.88291776]
2.6	0.81938	[0.81697834	0.8217571]
2.7	0.74848	[0.74577624	0.7511647]
2.8	0.67106	[0.6681364	0.6739704]
2.9	0.59238	[0.58932585	0.5954271]
3.0	0.51451	[0.5114068	0.5176121]
3.1	0.442	[0.4389192	0.4450853]
3.2	0.37594	[0.3729377	0.37895185]
3.3	0.3163	[0.31341982	0.31919432]
3.4	0.26389	[0.2611624	0.26663578]
3.5	0.21884	[0.2162832	0.22141844]
3.6	0.18059	[0.17821305	0.18299153]
3.7	0.14846	[0.14626478	0.15068229]
3.8	0.12158	[0.119564034	0.123625115]
3.9	0.09909	[0.09724854	0.10096235]
4.0	0.08083	[0.079151675	0.082540624]
4.1	0.06602	[0.06449258	0.06758087]
4.2	0.05316	[0.0517816	0.054572858]
4.3	0.04306	[0.041814364	0.04434088]
4.4	0.03483	[0.03370642	0.035989475]
4.5	0.02772	[0.026715556	0.028760906]
4.6	0.02235	[0.02144709	0.023289807]
4.7	0.01795	[0.017140523	0.018796738]
4.8	0.01437	[0.013645926	0.015131638]
4.9	0.01128	[0.010639104	0.01195873]
5.0	0.00924	[0.008660694	0.009857329]
5.1	0.00755	[0.007027253	0.008110934]
5.2	0.00592	[0.005458335	0.0064200233]
5.3	0.00462	[0.0042135217	0.00506499]
5.4	0.00369	[0.0033280347	0.004090603]
5.5	0.00271	[0.0024016206	0.0030571776]
5.6	0.00191	[0.0016531979	0.0022057751]
5.7	0.00138	[0.0011636892	0.0016354489]
5.8	9.8E-4	[7.9978583E-4	0.0011995371]
5.9	5.4E-4	[4.0958758E-4	7.101062E-4]
6.0	3.4E-4	[2.3915971E-4	4.8088527E-4]
6.1	2.5E-4	[1.6531504E-4	3.7500297E-4]
6.2	2.0E-4	[1.2555439E-4	3.1498473E-4]
6.3	1.7E-4	[1.02310594E-4	2.7840282E-4]
6.4	1.6E-4	[9.4690186E-5	2.6609126E-4]
6.5	6.0E-5	[2.4390289E-5	1.377361E-4]
6.6	5.0E-5	[1.8407845E-5	1.2402E-4]
6.7	3.0E-5	[7.747817E-6	9.559829E-5]
6.8	3.0E-5	[7.747817E-6	9.559829E-5]
6.9	2.0E-5	[3.4641096E-6	8.066479E-5]
7.0	1.0E-5	[5.219861E-7	6.4949265E-5]
7.1	1.0E-5	[5.219861E-7	6.4949265E-5]
7.2	1.0E-5	[5.219861E-7	6.4949265E-5]
7.3	0.0	[0.0	4.7892154E-5]
7.4	0.0	[0.0	4.7892154E-5]
7.5	0.0	[0.0	4.7892154E-5]
7.6	0.0	[0.0	4.7892154E-5]
7.7	0.0	[0.0	4.7892154E-5]
7.8	0.0	[0.0	4.7892154E-5]
7.9	0.0	[0.0	4.7892154E-5]
8.0	0.0	[0.0	4.7892154E-5]
8.1	0.0	[0.0	4.7892154E-5]
8.2	0.0	[0.0	4.7892154E-5]
8.3	0.0	[0.0	4.7892154E-5]
8.4	0.0	[0.0	0.0]
8.5	0.0	[0.0	0.0]
8.6	0.0	[0.0	0.0]
8.7	0.0	[0.0	0.0]
8.8	0.0	[0.0	0.0]
8.9	0.0	[0.0	0.0]
9.0	0.0	[0.0	0.0]



DATASET #8

     Name: Supra
   Points: 66
     Info: 

Data[x,y]:
2.5	  1.7E-4
2.6	  1.7E-4
2.7	  1.7E-4
2.8	  1.7E-4
2.9	  1.7E-4
3.0	  1.7E-4
3.1	  1.7E-4
3.2	  1.7E-4
3.3	  1.7E-4
3.4	  1.7E-4
3.5	  1.7E-4
3.6	  1.7E-4
3.7	  1.7E-4
3.8	  1.7E-4
3.9	  1.7E-4
4.0	  1.7E-4
4.1	  1.7E-4
4.2	  1.7E-4
4.3	  1.7E-4
4.4	  1.7E-4
4.5	  1.7E-4
4.6	  1.7E-4
4.7	  1.7E-4
4.8	  1.7E-4
4.9	  1.7E-4
5.0	  1.7E-4
5.1	  1.7E-4
5.2	  1.7E-4
5.3	  1.7E-4
5.4	  1.7E-4
5.5	  1.7E-4
5.6	  1.7E-4
5.7	  1.7E-4
5.8	  1.7E-4
5.9	  1.7E-4
6.0	  1.7E-4
6.1	  1.7E-4
6.2	  1.6E-4
6.3	  1.6E-4
6.4	  1.4E-4
6.5	  5.0E-5
6.6	  5.0E-5
6.7	  3.0E-5
6.8	  3.0E-5
6.9	  2.0E-5
7.0	  1.0E-5
7.1	  1.0E-5
7.2	  1.0E-5
7.3	  0.0
7.4	  0.0
7.5	  0.0
7.6	  0.0
7.7	  0.0
7.8	  0.0
7.9	  0.0
8.0	  0.0
8.1	  0.0
8.2	  0.0
8.3	  0.0
8.4	  0.0
8.5	  0.0
8.6	  0.0
8.7	  0.0
8.8	  0.0
8.9	  0.0
9.0	  0.0



DATASET #9

     Name: Primary
   Points: 66
     Info: 

Data[x,y]:
2.5	  2.0376
2.6	  1.61691
2.7	  1.28475
2.8	  1.01901
2.9	  0.81089
3.0	  0.64449
3.1	  0.51313
3.2	  0.40782
3.3	  0.32455
3.4	  0.25772
3.5	  0.20442
3.6	  0.16229
3.7	  0.12856
3.8	  0.10166
3.9	  0.08084
4.0	  0.06408
4.1	  0.05104
4.2	  0.03975
4.3	  0.03133
4.4	  0.02477
4.5	  0.01928
4.6	  0.01506
4.7	  0.01197
4.8	  0.00952
4.9	  0.00737
5.0	  0.00597
5.1	  0.00484
5.2	  0.00376
5.3	  0.00285
5.4	  0.00228
5.5	  0.00156
5.6	  0.00104
5.7	  7.1E-4
5.8	  4.6E-4
5.9	  2.0E-4
6.0	  1.0E-4
6.1	  6.0E-5
6.2	  5.0E-5
6.3	  5.0E-5
6.4	  4.0E-5
6.5	  1.0E-5
6.6	  1.0E-5
6.7	  1.0E-5
6.8	  1.0E-5
6.9	  0.0
7.0	  0.0
7.1	  0.0
7.2	  0.0
7.3	  0.0
7.4	  0.0
7.5	  0.0
7.6	  0.0
7.7	  0.0
7.8	  0.0
7.9	  0.0
8.0	  0.0
8.1	  0.0
8.2	  0.0
8.3	  0.0
8.4	  0.0
8.5	  0.0
8.6	  0.0
8.7	  0.0
8.8	  0.0
8.9	  0.0
9.0	  0.0


