
X-Axis: Magnitude
Y-Axis: 1 Hour Cumulative Number
Number of Data Sets: 9


DATASET #1

     Name: Mean
   Points: 66
     Info: 

Data[x,y]:
2.5	  0.0182
2.6	  0.0144
2.7	  0.01135
2.8	  0.00895
2.9	  0.00708
3.0	  0.00557
3.1	  0.00445
3.2	  0.00357
3.3	  0.00292
3.4	  0.00241
3.5	  0.00199
3.6	  0.00156
3.7	  0.00125
3.8	  9.6E-4
3.9	  8.3E-4
4.0	  7.4E-4
4.1	  5.7E-4
4.2	  4.8E-4
4.3	  3.4E-4
4.4	  3.0E-4
4.5	  2.5E-4
4.6	  2.4E-4
4.7	  2.1E-4
4.8	  1.8E-4
4.9	  1.5E-4
5.0	  1.2E-4
5.1	  9.0E-5
5.2	  7.0E-5
5.3	  4.0E-5
5.4	  3.0E-5
5.5	  3.0E-5
5.6	  3.0E-5
5.7	  3.0E-5
5.8	  2.0E-5
5.9	  1.0E-5
6.0	  1.0E-5
6.1	  1.0E-5
6.2	  1.0E-5
6.3	  1.0E-5
6.4	  1.0E-5
6.5	  0.0
6.6	  0.0
6.7	  0.0
6.8	  0.0
6.9	  0.0
7.0	  0.0
7.1	  0.0
7.2	  0.0
7.3	  0.0
7.4	  0.0
7.5	  0.0
7.6	  0.0
7.7	  0.0
7.8	  0.0
7.9	  0.0
8.0	  0.0
8.1	  0.0
8.2	  0.0
8.3	  0.0
8.4	  0.0
8.5	  0.0
8.6	  0.0
8.7	  0.0
8.8	  0.0
8.9	  0.0
9.0	  0.0



DATASET #2

     Name: 2.5%,97.5%
   Points: 66
     Info: 

Data[x,y]:
2.5	  0.0
2.6	  0.0
2.7	  0.0
2.8	  0.0
2.9	  0.0
3.0	  0.0
3.1	  0.0
3.2	  0.0
3.3	  0.0
3.4	  0.0
3.5	  0.0
3.6	  0.0
3.7	  0.0
3.8	  0.0
3.9	  0.0
4.0	  0.0
4.1	  0.0
4.2	  0.0
4.3	  0.0
4.4	  0.0
4.5	  0.0
4.6	  0.0
4.7	  0.0
4.8	  0.0
4.9	  0.0
5.0	  0.0
5.1	  0.0
5.2	  0.0
5.3	  0.0
5.4	  0.0
5.5	  0.0
5.6	  0.0
5.7	  0.0
5.8	  0.0
5.9	  0.0
6.0	  0.0
6.1	  0.0
6.2	  0.0
6.3	  0.0
6.4	  0.0
6.5	  0.0
6.6	  0.0
6.7	  0.0
6.8	  0.0
6.9	  0.0
7.0	  0.0
7.1	  0.0
7.2	  0.0
7.3	  0.0
7.4	  0.0
7.5	  0.0
7.6	  0.0
7.7	  0.0
7.8	  0.0
7.9	  0.0
8.0	  0.0
8.1	  0.0
8.2	  0.0
8.3	  0.0
8.4	  0.0
8.5	  0.0
8.6	  0.0
8.7	  0.0
8.8	  0.0
8.9	  0.0
9.0	  0.0



DATASET #3

     Name: null
   Points: 66
     Info: 

Data[x,y]:
2.5	  0.0
2.6	  0.0
2.7	  0.0
2.8	  0.0
2.9	  0.0
3.0	  0.0
3.1	  0.0
3.2	  0.0
3.3	  0.0
3.4	  0.0
3.5	  0.0
3.6	  0.0
3.7	  0.0
3.8	  0.0
3.9	  0.0
4.0	  0.0
4.1	  0.0
4.2	  0.0
4.3	  0.0
4.4	  0.0
4.5	  0.0
4.6	  0.0
4.7	  0.0
4.8	  0.0
4.9	  0.0
5.0	  0.0
5.1	  0.0
5.2	  0.0
5.3	  0.0
5.4	  0.0
5.5	  0.0
5.6	  0.0
5.7	  0.0
5.8	  0.0
5.9	  0.0
6.0	  0.0
6.1	  0.0
6.2	  0.0
6.3	  0.0
6.4	  0.0
6.5	  0.0
6.6	  0.0
6.7	  0.0
6.8	  0.0
6.9	  0.0
7.0	  0.0
7.1	  0.0
7.2	  0.0
7.3	  0.0
7.4	  0.0
7.5	  0.0
7.6	  0.0
7.7	  0.0
7.8	  0.0
7.9	  0.0
8.0	  0.0
8.1	  0.0
8.2	  0.0
8.3	  0.0
8.4	  0.0
8.5	  0.0
8.6	  0.0
8.7	  0.0
8.8	  0.0
8.9	  0.0
9.0	  0.0



DATASET #4

     Name: Median
   Points: 66
     Info: 

Data[x,y]:
2.5	  0.0
2.6	  0.0
2.7	  0.0
2.8	  0.0
2.9	  0.0
3.0	  0.0
3.1	  0.0
3.2	  0.0
3.3	  0.0
3.4	  0.0
3.5	  0.0
3.6	  0.0
3.7	  0.0
3.8	  0.0
3.9	  0.0
4.0	  0.0
4.1	  0.0
4.2	  0.0
4.3	  0.0
4.4	  0.0
4.5	  0.0
4.6	  0.0
4.7	  0.0
4.8	  0.0
4.9	  0.0
5.0	  0.0
5.1	  0.0
5.2	  0.0
5.3	  0.0
5.4	  0.0
5.5	  0.0
5.6	  0.0
5.7	  0.0
5.8	  0.0
5.9	  0.0
6.0	  0.0
6.1	  0.0
6.2	  0.0
6.3	  0.0
6.4	  0.0
6.5	  0.0
6.6	  0.0
6.7	  0.0
6.8	  0.0
6.9	  0.0
7.0	  0.0
7.1	  0.0
7.2	  0.0
7.3	  0.0
7.4	  0.0
7.5	  0.0
7.6	  0.0
7.7	  0.0
7.8	  0.0
7.9	  0.0
8.0	  0.0
8.1	  0.0
8.2	  0.0
8.3	  0.0
8.4	  0.0
8.5	  0.0
8.6	  0.0
8.7	  0.0
8.8	  0.0
8.9	  0.0
9.0	  0.0



DATASET #5

     Name: Mode
   Points: 66
     Info: 

Data[x,y]:
2.5	  0.0
2.6	  0.0
2.7	  0.0
2.8	  0.0
2.9	  0.0
3.0	  0.0
3.1	  0.0
3.2	  0.0
3.3	  0.0
3.4	  0.0
3.5	  0.0
3.6	  0.0
3.7	  0.0
3.8	  0.0
3.9	  0.0
4.0	  0.0
4.1	  0.0
4.2	  0.0
4.3	  0.0
4.4	  0.0
4.5	  0.0
4.6	  0.0
4.7	  0.0
4.8	  0.0
4.9	  0.0
5.0	  0.0
5.1	  0.0
5.2	  0.0
5.3	  0.0
5.4	  0.0
5.5	  0.0
5.6	  0.0
5.7	  0.0
5.8	  0.0
5.9	  0.0
6.0	  0.0
6.1	  0.0
6.2	  0.0
6.3	  0.0
6.4	  0.0
6.5	  0.0
6.6	  0.0
6.7	  0.0
6.8	  0.0
6.9	  0.0
7.0	  0.0
7.1	  0.0
7.2	  0.0
7.3	  0.0
7.4	  0.0
7.5	  0.0
7.6	  0.0
7.7	  0.0
7.8	  0.0
7.9	  0.0
8.0	  0.0
8.1	  0.0
8.2	  0.0
8.3	  0.0
8.4	  0.0
8.5	  0.0
8.6	  0.0
8.7	  0.0
8.8	  0.0
8.9	  0.0
9.0	  0.0



DATASET #6

     Name: 1 hr Prob
   Points: 66
     Info: 

Data[x,y]:
2.5	  0.01442
2.6	  0.01156
2.7	  0.00926
2.8	  0.00736
2.9	  0.0059
3.0	  0.0047
3.1	  0.00383
3.2	  0.00306
3.3	  0.00252
3.4	  0.00211
3.5	  0.00174
3.6	  0.00137
3.7	  0.00111
3.8	  8.5E-4
3.9	  7.5E-4
4.0	  6.7E-4
4.1	  5.0E-4
4.2	  4.1E-4
4.3	  2.9E-4
4.4	  2.6E-4
4.5	  2.1E-4
4.6	  2.0E-4
4.7	  1.7E-4
4.8	  1.5E-4
4.9	  1.3E-4
5.0	  1.0E-4
5.1	  8.0E-5
5.2	  6.0E-5
5.3	  3.0E-5
5.4	  2.0E-5
5.5	  2.0E-5
5.6	  2.0E-5
5.7	  2.0E-5
5.8	  1.0E-5
5.9	  1.0E-5
6.0	  1.0E-5
6.1	  1.0E-5
6.2	  1.0E-5
6.3	  1.0E-5
6.4	  1.0E-5
6.5	  0.0
6.6	  0.0
6.7	  0.0
6.8	  0.0
6.9	  0.0
7.0	  0.0
7.1	  0.0
7.2	  0.0
7.3	  0.0
7.4	  0.0
7.5	  0.0
7.6	  0.0
7.7	  0.0
7.8	  0.0
7.9	  0.0
8.0	  0.0
8.1	  0.0
8.2	  0.0
8.3	  0.0
8.4	  0.0
8.5	  0.0
8.6	  0.0
8.7	  0.0
8.8	  0.0
8.9	  0.0
9.0	  0.0



DATASET #7

Name: 95% Conf
Num Points: 66
Info: 

X, Y Data:
2.5	0.01442	[0.01369466	0.015182898]
2.6	0.01156	[0.010911115	0.012246694]
2.7	0.00926	[0.008680058	0.009877963]
2.8	0.00736	[0.0068440014	0.007914205]
2.9	0.0059	[0.005439135	0.0063992264]
3.0	0.0047	[0.0042899144	0.0051485873]
3.1	0.00383	[0.003460998	0.0042376197]
3.2	0.00306	[0.002731508	0.003427228]
3.3	0.00252	[0.0022230884	0.0028557463]
3.4	0.00211	[0.0018394192	0.002419504]
3.5	0.00174	[0.0014954904	0.0020235293]
3.6	0.00137	[0.0011545222	0.0016246197]
3.7	0.00111	[9.173595E-4	0.0013418944]
3.8	8.5E-4	[6.830657E-4	0.0010563391]
3.9	7.5E-4	[5.9398665E-4	9.454934E-4]
4.0	6.7E-4	[5.232575E-4	8.562931E-4]
4.1	5.0E-4	[3.7499785E-4	6.6475E-4]
4.2	4.1E-4	[2.980176E-4	5.618773E-4]
4.3	2.9E-4	[1.978313E-4	4.2235057E-4]
4.4	2.6E-4	[1.7339196E-4	3.8688924E-4]
4.5	2.1E-4	[1.3341404E-4	3.27075E-4]
4.6	2.0E-4	[1.2555439E-4	3.1498473E-4]
4.7	1.7E-4	[1.02310594E-4	2.7840282E-4]
4.8	1.5E-4	[8.714325E-5	2.5371244E-4]
4.9	1.3E-4	[7.23001E-5	2.287271E-4]
5.0	1.0E-4	[5.08174E-5	1.9054979E-4]
5.1	8.0E-5	[3.7198402E-5	1.6448459E-4]
5.2	6.0E-5	[2.4390289E-5	1.377361E-4]
5.3	3.0E-5	[7.747817E-6	9.559829E-5]
5.4	2.0E-5	[3.4641096E-6	8.066479E-5]
5.5	2.0E-5	[3.4641096E-6	8.066479E-5]
5.6	2.0E-5	[3.4641096E-6	8.066479E-5]
5.7	2.0E-5	[3.4641096E-6	8.066479E-5]
5.8	1.0E-5	[5.219861E-7	6.4949265E-5]
5.9	1.0E-5	[5.219861E-7	6.4949265E-5]
6.0	1.0E-5	[5.219861E-7	6.4949265E-5]
6.1	1.0E-5	[5.219861E-7	6.4949265E-5]
6.2	1.0E-5	[5.219861E-7	6.4949265E-5]
6.3	1.0E-5	[5.219861E-7	6.4949265E-5]
6.4	1.0E-5	[5.219861E-7	6.4949265E-5]
6.5	0.0	[0.0	4.7892154E-5]
6.6	0.0	[0.0	4.7892154E-5]
6.7	0.0	[0.0	4.7892154E-5]
6.8	0.0	[0.0	4.7892154E-5]
6.9	0.0	[0.0	4.7892154E-5]
7.0	0.0	[0.0	4.7892154E-5]
7.1	0.0	[0.0	4.7892154E-5]
7.2	0.0	[0.0	4.7892154E-5]
7.3	0.0	[0.0	4.7892154E-5]
7.4	0.0	[0.0	4.7892154E-5]
7.5	0.0	[0.0	4.7892154E-5]
7.6	0.0	[0.0	4.7892154E-5]
7.7	0.0	[0.0	4.7892154E-5]
7.8	0.0	[0.0	4.7892154E-5]
7.9	0.0	[0.0	4.7892154E-5]
8.0	0.0	[0.0	4.7892154E-5]
8.1	0.0	[0.0	4.7892154E-5]
8.2	0.0	[0.0	4.7892154E-5]
8.3	0.0	[0.0	4.7892154E-5]
8.4	0.0	[0.0	0.0]
8.5	0.0	[0.0	0.0]
8.6	0.0	[0.0	0.0]
8.7	0.0	[0.0	0.0]
8.8	0.0	[0.0	0.0]
8.9	0.0	[0.0	0.0]
9.0	0.0	[0.0	0.0]



DATASET #8

     Name: Supra
   Points: 66
     Info: 

Data[x,y]:
2.5	  1.0E-5
2.6	  1.0E-5
2.7	  1.0E-5
2.8	  1.0E-5
2.9	  1.0E-5
3.0	  1.0E-5
3.1	  1.0E-5
3.2	  1.0E-5
3.3	  1.0E-5
3.4	  1.0E-5
3.5	  1.0E-5
3.6	  1.0E-5
3.7	  1.0E-5
3.8	  1.0E-5
3.9	  1.0E-5
4.0	  1.0E-5
4.1	  1.0E-5
4.2	  1.0E-5
4.3	  1.0E-5
4.4	  1.0E-5
4.5	  1.0E-5
4.6	  1.0E-5
4.7	  1.0E-5
4.8	  1.0E-5
4.9	  1.0E-5
5.0	  1.0E-5
5.1	  1.0E-5
5.2	  1.0E-5
5.3	  1.0E-5
5.4	  1.0E-5
5.5	  1.0E-5
5.6	  1.0E-5
5.7	  1.0E-5
5.8	  1.0E-5
5.9	  1.0E-5
6.0	  1.0E-5
6.1	  1.0E-5
6.2	  1.0E-5
6.3	  1.0E-5
6.4	  1.0E-5
6.5	  0.0
6.6	  0.0
6.7	  0.0
6.8	  0.0
6.9	  0.0
7.0	  0.0
7.1	  0.0
7.2	  0.0
7.3	  0.0
7.4	  0.0
7.5	  0.0
7.6	  0.0
7.7	  0.0
7.8	  0.0
7.9	  0.0
8.0	  0.0
8.1	  0.0
8.2	  0.0
8.3	  0.0
8.4	  0.0
8.5	  0.0
8.6	  0.0
8.7	  0.0
8.8	  0.0
8.9	  0.0
9.0	  0.0



DATASET #9

     Name: Primary
   Points: 66
     Info: 

Data[x,y]:
2.5	  0.00928
2.6	  0.00739
2.7	  0.00586
2.8	  0.00461
2.9	  0.00362
3.0	  0.00294
3.1	  0.00227
3.2	  0.00179
3.3	  0.00151
3.4	  0.00121
3.5	  9.9E-4
3.6	  7.8E-4
3.7	  6.3E-4
3.8	  4.9E-4
3.9	  4.3E-4
4.0	  3.8E-4
4.1	  2.9E-4
4.2	  2.4E-4
4.3	  1.5E-4
4.4	  1.3E-4
4.5	  1.2E-4
4.6	  1.1E-4
4.7	  1.1E-4
4.8	  1.0E-4
4.9	  9.0E-5
5.0	  7.0E-5
5.1	  6.0E-5
5.2	  5.0E-5
5.3	  2.0E-5
5.4	  2.0E-5
5.5	  2.0E-5
5.6	  2.0E-5
5.7	  2.0E-5
5.8	  1.0E-5
5.9	  0.0
6.0	  0.0
6.1	  0.0
6.2	  0.0
6.3	  0.0
6.4	  0.0
6.5	  0.0
6.6	  0.0
6.7	  0.0
6.8	  0.0
6.9	  0.0
7.0	  0.0
7.1	  0.0
7.2	  0.0
7.3	  0.0
7.4	  0.0
7.5	  0.0
7.6	  0.0
7.7	  0.0
7.8	  0.0
7.9	  0.0
8.0	  0.0
8.1	  0.0
8.2	  0.0
8.3	  0.0
8.4	  0.0
8.5	  0.0
8.6	  0.0
8.7	  0.0
8.8	  0.0
8.9	  0.0
9.0	  0.0


