
X-Axis: Magnitude
Y-Axis: 1 Month Cumulative Number
Number of Data Sets: 9


DATASET #1

     Name: Mean
   Points: 66
     Info: 

Data[x,y]:
2.5	  0.86475
2.6	  0.68638
2.7	  0.54469
2.8	  0.43313
2.9	  0.34513
3.0	  0.27476
3.1	  0.21903
3.2	  0.17298
3.3	  0.13787
3.4	  0.10972
3.5	  0.08723
3.6	  0.06985
3.7	  0.05573
3.8	  0.04411
3.9	  0.03527
4.0	  0.02834
4.1	  0.02255
4.2	  0.01791
4.3	  0.01412
4.4	  0.01111
4.5	  0.00866
4.6	  0.00677
4.7	  0.00529
4.8	  0.00418
4.9	  0.00311
5.0	  0.00241
5.1	  0.00197
5.2	  0.00156
5.3	  0.00121
5.4	  9.1E-4
5.5	  6.1E-4
5.6	  4.7E-4
5.7	  3.2E-4
5.8	  2.0E-4
5.9	  6.0E-5
6.0	  4.0E-5
6.1	  3.0E-5
6.2	  3.0E-5
6.3	  3.0E-5
6.4	  1.0E-5
6.5	  1.0E-5
6.6	  0.0
6.7	  0.0
6.8	  0.0
6.9	  0.0
7.0	  0.0
7.1	  0.0
7.2	  0.0
7.3	  0.0
7.4	  0.0
7.5	  0.0
7.6	  0.0
7.7	  0.0
7.8	  0.0
7.9	  0.0
8.0	  0.0
8.1	  0.0
8.2	  0.0
8.3	  0.0
8.4	  0.0
8.5	  0.0
8.6	  0.0
8.7	  0.0
8.8	  0.0
8.9	  0.0
9.0	  0.0



DATASET #2

     Name: 2.5%,97.5%
   Points: 66
     Info: 

Data[x,y]:
2.5	  0.0
2.6	  0.0
2.7	  0.0
2.8	  0.0
2.9	  0.0
3.0	  0.0
3.1	  0.0
3.2	  0.0
3.3	  0.0
3.4	  0.0
3.5	  0.0
3.6	  0.0
3.7	  0.0
3.8	  0.0
3.9	  0.0
4.0	  0.0
4.1	  0.0
4.2	  0.0
4.3	  0.0
4.4	  0.0
4.5	  0.0
4.6	  0.0
4.7	  0.0
4.8	  0.0
4.9	  0.0
5.0	  0.0
5.1	  0.0
5.2	  0.0
5.3	  0.0
5.4	  0.0
5.5	  0.0
5.6	  0.0
5.7	  0.0
5.8	  0.0
5.9	  0.0
6.0	  0.0
6.1	  0.0
6.2	  0.0
6.3	  0.0
6.4	  0.0
6.5	  0.0
6.6	  0.0
6.7	  0.0
6.8	  0.0
6.9	  0.0
7.0	  0.0
7.1	  0.0
7.2	  0.0
7.3	  0.0
7.4	  0.0
7.5	  0.0
7.6	  0.0
7.7	  0.0
7.8	  0.0
7.9	  0.0
8.0	  0.0
8.1	  0.0
8.2	  0.0
8.3	  0.0
8.4	  0.0
8.5	  0.0
8.6	  0.0
8.7	  0.0
8.8	  0.0
8.9	  0.0
9.0	  0.0



DATASET #3

     Name: null
   Points: 66
     Info: 

Data[x,y]:
2.5	  4.0
2.6	  3.0
2.7	  3.0
2.8	  3.0
2.9	  2.0
3.0	  2.0
3.1	  2.0
3.2	  1.0
3.3	  1.0
3.4	  1.0
3.5	  1.0
3.6	  1.0
3.7	  1.0
3.8	  1.0
3.9	  1.0
4.0	  0.0
4.1	  0.0
4.2	  0.0
4.3	  0.0
4.4	  0.0
4.5	  0.0
4.6	  0.0
4.7	  0.0
4.8	  0.0
4.9	  0.0
5.0	  0.0
5.1	  0.0
5.2	  0.0
5.3	  0.0
5.4	  0.0
5.5	  0.0
5.6	  0.0
5.7	  0.0
5.8	  0.0
5.9	  0.0
6.0	  0.0
6.1	  0.0
6.2	  0.0
6.3	  0.0
6.4	  0.0
6.5	  0.0
6.6	  0.0
6.7	  0.0
6.8	  0.0
6.9	  0.0
7.0	  0.0
7.1	  0.0
7.2	  0.0
7.3	  0.0
7.4	  0.0
7.5	  0.0
7.6	  0.0
7.7	  0.0
7.8	  0.0
7.9	  0.0
8.0	  0.0
8.1	  0.0
8.2	  0.0
8.3	  0.0
8.4	  0.0
8.5	  0.0
8.6	  0.0
8.7	  0.0
8.8	  0.0
8.9	  0.0
9.0	  0.0



DATASET #4

     Name: Median
   Points: 66
     Info: 

Data[x,y]:
2.5	  0.0
2.6	  0.0
2.7	  0.0
2.8	  0.0
2.9	  0.0
3.0	  0.0
3.1	  0.0
3.2	  0.0
3.3	  0.0
3.4	  0.0
3.5	  0.0
3.6	  0.0
3.7	  0.0
3.8	  0.0
3.9	  0.0
4.0	  0.0
4.1	  0.0
4.2	  0.0
4.3	  0.0
4.4	  0.0
4.5	  0.0
4.6	  0.0
4.7	  0.0
4.8	  0.0
4.9	  0.0
5.0	  0.0
5.1	  0.0
5.2	  0.0
5.3	  0.0
5.4	  0.0
5.5	  0.0
5.6	  0.0
5.7	  0.0
5.8	  0.0
5.9	  0.0
6.0	  0.0
6.1	  0.0
6.2	  0.0
6.3	  0.0
6.4	  0.0
6.5	  0.0
6.6	  0.0
6.7	  0.0
6.8	  0.0
6.9	  0.0
7.0	  0.0
7.1	  0.0
7.2	  0.0
7.3	  0.0
7.4	  0.0
7.5	  0.0
7.6	  0.0
7.7	  0.0
7.8	  0.0
7.9	  0.0
8.0	  0.0
8.1	  0.0
8.2	  0.0
8.3	  0.0
8.4	  0.0
8.5	  0.0
8.6	  0.0
8.7	  0.0
8.8	  0.0
8.9	  0.0
9.0	  0.0



DATASET #5

     Name: Mode
   Points: 66
     Info: 

Data[x,y]:
2.5	  0.0
2.6	  0.0
2.7	  0.0
2.8	  0.0
2.9	  0.0
3.0	  0.0
3.1	  0.0
3.2	  0.0
3.3	  0.0
3.4	  0.0
3.5	  0.0
3.6	  0.0
3.7	  0.0
3.8	  0.0
3.9	  0.0
4.0	  0.0
4.1	  0.0
4.2	  0.0
4.3	  0.0
4.4	  0.0
4.5	  0.0
4.6	  0.0
4.7	  0.0
4.8	  0.0
4.9	  0.0
5.0	  0.0
5.1	  0.0
5.2	  0.0
5.3	  0.0
5.4	  0.0
5.5	  0.0
5.6	  0.0
5.7	  0.0
5.8	  0.0
5.9	  0.0
6.0	  0.0
6.1	  0.0
6.2	  0.0
6.3	  0.0
6.4	  0.0
6.5	  0.0
6.6	  0.0
6.7	  0.0
6.8	  0.0
6.9	  0.0
7.0	  0.0
7.1	  0.0
7.2	  0.0
7.3	  0.0
7.4	  0.0
7.5	  0.0
7.6	  0.0
7.7	  0.0
7.8	  0.0
7.9	  0.0
8.0	  0.0
8.1	  0.0
8.2	  0.0
8.3	  0.0
8.4	  0.0
8.5	  0.0
8.6	  0.0
8.7	  0.0
8.8	  0.0
8.9	  0.0
9.0	  0.0



DATASET #6

     Name: 1 mo Prob
   Points: 66
     Info: 

Data[x,y]:
2.5	  0.4292
2.6	  0.36134
2.7	  0.30223
2.8	  0.25151
2.9	  0.20792
3.0	  0.1717
3.1	  0.14108
3.2	  0.11469
3.3	  0.09378
3.4	  0.07634
3.5	  0.06193
3.6	  0.05042
3.7	  0.04109
3.8	  0.03309
3.9	  0.02676
4.0	  0.02173
4.1	  0.01735
4.2	  0.01382
4.3	  0.01096
4.4	  0.00877
4.5	  0.007
4.6	  0.00555
4.7	  0.00441
4.8	  0.00357
4.9	  0.00265
5.0	  0.00211
5.1	  0.00176
5.2	  0.00139
5.3	  0.00109
5.4	  8.3E-4
5.5	  5.5E-4
5.6	  4.2E-4
5.7	  2.9E-4
5.8	  1.9E-4
5.9	  5.0E-5
6.0	  3.0E-5
6.1	  2.0E-5
6.2	  2.0E-5
6.3	  2.0E-5
6.4	  1.0E-5
6.5	  1.0E-5
6.6	  0.0
6.7	  0.0
6.8	  0.0
6.9	  0.0
7.0	  0.0
7.1	  0.0
7.2	  0.0
7.3	  0.0
7.4	  0.0
7.5	  0.0
7.6	  0.0
7.7	  0.0
7.8	  0.0
7.9	  0.0
8.0	  0.0
8.1	  0.0
8.2	  0.0
8.3	  0.0
8.4	  0.0
8.5	  0.0
8.6	  0.0
8.7	  0.0
8.8	  0.0
8.9	  0.0
9.0	  0.0



DATASET #7

Name: 95% Conf
Num Points: 66
Info: 

X, Y Data:
2.5	0.4292	[0.42612997	0.43227547]
2.6	0.36134	[0.3583629	0.36432776]
2.7	0.30223	[0.29938635	0.30508888]
2.8	0.25151	[0.24882537	0.25421375]
2.9	0.20792	[0.20541097	0.21045151]
3.0	0.1717	[0.16937023	0.17405504]
3.1	0.14108	[0.13893124	0.1432564]
3.2	0.11469	[0.112724826	0.116684854]
3.3	0.09378	[0.09198374	0.09560756]
3.4	0.07634	[0.07470544	0.078007214]
3.5	0.06193	[0.06044791	0.06344586]
3.6	0.05042	[0.04907605	0.051798616]
3.7	0.04109	[0.039872292	0.04234311]
3.8	0.03309	[0.031994235	0.0342218]
3.9	0.02676	[0.025772873	0.027783668]
4.0	0.02173	[0.020839624	0.022657325]
4.1	0.01735	[0.016554167	0.018183144]
4.2	0.01382	[0.013109996	0.0145676145]
4.3	0.01096	[0.010328361	0.011629502]
4.4	0.00877	[0.00820585	0.009372218]
4.5	0.007	[0.0064970357	0.007541207]
4.6	0.00555	[0.0051033553	0.006035045]
4.7	0.00441	[0.004013145	0.004845394]
4.8	0.00357	[0.003214174	0.0039644814]
4.9	0.00265	[0.0023451971	0.0029936123]
5.0	0.00211	[0.0018394192	0.002419504]
5.1	0.00176	[0.0015140139	0.0020450002]
5.2	0.00139	[0.0011728592	0.0016462752]
5.3	0.00109	[8.9922204E-4	0.0013200417]
5.4	8.3E-4	[6.651964E-4	0.0010342225]
5.5	5.5E-4	[4.1826643E-4	7.2141475E-4]
5.6	4.2E-4	[3.065053E-4	5.7337113E-4]
5.7	2.9E-4	[1.978313E-4	4.2235057E-4]
5.8	1.9E-4	[1.1774775E-4	3.0284515E-4]
5.9	5.0E-5	[1.8407845E-5	1.2402E-4]
6.0	3.0E-5	[7.747817E-6	9.559829E-5]
6.1	2.0E-5	[3.4641096E-6	8.066479E-5]
6.2	2.0E-5	[3.4641096E-6	8.066479E-5]
6.3	2.0E-5	[3.4641096E-6	8.066479E-5]
6.4	1.0E-5	[5.219861E-7	6.4949265E-5]
6.5	1.0E-5	[5.219861E-7	6.4949265E-5]
6.6	0.0	[0.0	4.7892154E-5]
6.7	0.0	[0.0	4.7892154E-5]
6.8	0.0	[0.0	4.7892154E-5]
6.9	0.0	[0.0	4.7892154E-5]
7.0	0.0	[0.0	4.7892154E-5]
7.1	0.0	[0.0	4.7892154E-5]
7.2	0.0	[0.0	4.7892154E-5]
7.3	0.0	[0.0	4.7892154E-5]
7.4	0.0	[0.0	4.7892154E-5]
7.5	0.0	[0.0	4.7892154E-5]
7.6	0.0	[0.0	4.7892154E-5]
7.7	0.0	[0.0	4.7892154E-5]
7.8	0.0	[0.0	4.7892154E-5]
7.9	0.0	[0.0	4.7892154E-5]
8.0	0.0	[0.0	4.7892154E-5]
8.1	0.0	[0.0	4.7892154E-5]
8.2	0.0	[0.0	4.7892154E-5]
8.3	0.0	[0.0	4.7892154E-5]
8.4	0.0	[0.0	0.0]
8.5	0.0	[0.0	0.0]
8.6	0.0	[0.0	0.0]
8.7	0.0	[0.0	0.0]
8.8	0.0	[0.0	0.0]
8.9	0.0	[0.0	0.0]
9.0	0.0	[0.0	0.0]



DATASET #8

     Name: Supra
   Points: 66
     Info: 

Data[x,y]:
2.5	  2.0E-5
2.6	  2.0E-5
2.7	  2.0E-5
2.8	  2.0E-5
2.9	  2.0E-5
3.0	  2.0E-5
3.1	  2.0E-5
3.2	  2.0E-5
3.3	  2.0E-5
3.4	  2.0E-5
3.5	  2.0E-5
3.6	  2.0E-5
3.7	  2.0E-5
3.8	  2.0E-5
3.9	  2.0E-5
4.0	  2.0E-5
4.1	  2.0E-5
4.2	  2.0E-5
4.3	  2.0E-5
4.4	  2.0E-5
4.5	  2.0E-5
4.6	  2.0E-5
4.7	  2.0E-5
4.8	  2.0E-5
4.9	  2.0E-5
5.0	  2.0E-5
5.1	  2.0E-5
5.2	  2.0E-5
5.3	  2.0E-5
5.4	  2.0E-5
5.5	  2.0E-5
5.6	  2.0E-5
5.7	  2.0E-5
5.8	  2.0E-5
5.9	  2.0E-5
6.0	  2.0E-5
6.1	  2.0E-5
6.2	  2.0E-5
6.3	  2.0E-5
6.4	  0.0
6.5	  0.0
6.6	  0.0
6.7	  0.0
6.8	  0.0
6.9	  0.0
7.0	  0.0
7.1	  0.0
7.2	  0.0
7.3	  0.0
7.4	  0.0
7.5	  0.0
7.6	  0.0
7.7	  0.0
7.8	  0.0
7.9	  0.0
8.0	  0.0
8.1	  0.0
8.2	  0.0
8.3	  0.0
8.4	  0.0
8.5	  0.0
8.6	  0.0
8.7	  0.0
8.8	  0.0
8.9	  0.0
9.0	  0.0



DATASET #9

     Name: Primary
   Points: 66
     Info: 

Data[x,y]:
2.5	  0.52257
2.6	  0.41372
2.7	  0.32864
2.8	  0.26145
2.9	  0.20752
3.0	  0.16582
3.1	  0.13237
3.2	  0.10457
3.3	  0.08345
3.4	  0.06638
3.5	  0.05291
3.6	  0.04242
3.7	  0.03394
3.8	  0.02684
3.9	  0.02147
4.0	  0.01722
4.1	  0.0135
4.2	  0.01051
4.3	  0.00811
4.4	  0.00635
4.5	  0.005
4.6	  0.00384
4.7	  0.00302
4.8	  0.00245
4.9	  0.00181
5.0	  0.00147
5.1	  0.00121
5.2	  9.3E-4
5.3	  6.7E-4
5.4	  5.1E-4
5.5	  3.1E-4
5.6	  2.6E-4
5.7	  1.8E-4
5.8	  1.2E-4
5.9	  4.0E-5
6.0	  2.0E-5
6.1	  1.0E-5
6.2	  1.0E-5
6.3	  1.0E-5
6.4	  0.0
6.5	  0.0
6.6	  0.0
6.7	  0.0
6.8	  0.0
6.9	  0.0
7.0	  0.0
7.1	  0.0
7.2	  0.0
7.3	  0.0
7.4	  0.0
7.5	  0.0
7.6	  0.0
7.7	  0.0
7.8	  0.0
7.9	  0.0
8.0	  0.0
8.1	  0.0
8.2	  0.0
8.3	  0.0
8.4	  0.0
8.5	  0.0
8.6	  0.0
8.7	  0.0
8.8	  0.0
8.9	  0.0
9.0	  0.0


