
X-Axis: Magnitude
Y-Axis: 1 Week Cumulative Number
Number of Data Sets: 9


DATASET #1

     Name: Mean
   Points: 66
     Info: 

Data[x,y]:
2.5	  1.27108
2.6	  1.01056
2.7	  0.80306
2.8	  0.63756
2.9	  0.50603
3.0	  0.40146
3.1	  0.31909
3.2	  0.25307
3.3	  0.20157
3.4	  0.16079
3.5	  0.12796
3.6	  0.10125
3.7	  0.07955
3.8	  0.06295
3.9	  0.04987
4.0	  0.03956
4.1	  0.03151
4.2	  0.02518
4.3	  0.01993
4.4	  0.01558
4.5	  0.01239
4.6	  0.01009
4.7	  0.00796
4.8	  0.00624
4.9	  0.00511
5.0	  0.00422
5.1	  0.00327
5.2	  0.00255
5.3	  0.00194
5.4	  0.00145
5.5	  0.00108
5.6	  8.3E-4
5.7	  6.4E-4
5.8	  4.9E-4
5.9	  3.0E-4
6.0	  1.9E-4
6.1	  1.1E-4
6.2	  6.0E-5
6.3	  5.0E-5
6.4	  5.0E-5
6.5	  2.0E-5
6.6	  2.0E-5
6.7	  2.0E-5
6.8	  2.0E-5
6.9	  1.0E-5
7.0	  1.0E-5
7.1	  0.0
7.2	  0.0
7.3	  0.0
7.4	  0.0
7.5	  0.0
7.6	  0.0
7.7	  0.0
7.8	  0.0
7.9	  0.0
8.0	  0.0
8.1	  0.0
8.2	  0.0
8.3	  0.0
8.4	  0.0
8.5	  0.0
8.6	  0.0
8.7	  0.0
8.8	  0.0
8.9	  0.0
9.0	  0.0



DATASET #2

     Name: 2.5%,97.5%
   Points: 66
     Info: 

Data[x,y]:
2.5	  0.0
2.6	  0.0
2.7	  0.0
2.8	  0.0
2.9	  0.0
3.0	  0.0
3.1	  0.0
3.2	  0.0
3.3	  0.0
3.4	  0.0
3.5	  0.0
3.6	  0.0
3.7	  0.0
3.8	  0.0
3.9	  0.0
4.0	  0.0
4.1	  0.0
4.2	  0.0
4.3	  0.0
4.4	  0.0
4.5	  0.0
4.6	  0.0
4.7	  0.0
4.8	  0.0
4.9	  0.0
5.0	  0.0
5.1	  0.0
5.2	  0.0
5.3	  0.0
5.4	  0.0
5.5	  0.0
5.6	  0.0
5.7	  0.0
5.8	  0.0
5.9	  0.0
6.0	  0.0
6.1	  0.0
6.2	  0.0
6.3	  0.0
6.4	  0.0
6.5	  0.0
6.6	  0.0
6.7	  0.0
6.8	  0.0
6.9	  0.0
7.0	  0.0
7.1	  0.0
7.2	  0.0
7.3	  0.0
7.4	  0.0
7.5	  0.0
7.6	  0.0
7.7	  0.0
7.8	  0.0
7.9	  0.0
8.0	  0.0
8.1	  0.0
8.2	  0.0
8.3	  0.0
8.4	  0.0
8.5	  0.0
8.6	  0.0
8.7	  0.0
8.8	  0.0
8.9	  0.0
9.0	  0.0



DATASET #3

     Name: null
   Points: 66
     Info: 

Data[x,y]:
2.5	  5.0
2.6	  4.0
2.7	  4.0
2.8	  3.0
2.9	  3.0
3.0	  2.0
3.1	  2.0
3.2	  2.0
3.3	  2.0
3.4	  1.0
3.5	  1.0
3.6	  1.0
3.7	  1.0
3.8	  1.0
3.9	  1.0
4.0	  1.0
4.1	  0.0
4.2	  0.0
4.3	  0.0
4.4	  0.0
4.5	  0.0
4.6	  0.0
4.7	  0.0
4.8	  0.0
4.9	  0.0
5.0	  0.0
5.1	  0.0
5.2	  0.0
5.3	  0.0
5.4	  0.0
5.5	  0.0
5.6	  0.0
5.7	  0.0
5.8	  0.0
5.9	  0.0
6.0	  0.0
6.1	  0.0
6.2	  0.0
6.3	  0.0
6.4	  0.0
6.5	  0.0
6.6	  0.0
6.7	  0.0
6.8	  0.0
6.9	  0.0
7.0	  0.0
7.1	  0.0
7.2	  0.0
7.3	  0.0
7.4	  0.0
7.5	  0.0
7.6	  0.0
7.7	  0.0
7.8	  0.0
7.9	  0.0
8.0	  0.0
8.1	  0.0
8.2	  0.0
8.3	  0.0
8.4	  0.0
8.5	  0.0
8.6	  0.0
8.7	  0.0
8.8	  0.0
8.9	  0.0
9.0	  0.0



DATASET #4

     Name: Median
   Points: 66
     Info: 

Data[x,y]:
2.5	  1.0
2.6	  0.0
2.7	  0.0
2.8	  0.0
2.9	  0.0
3.0	  0.0
3.1	  0.0
3.2	  0.0
3.3	  0.0
3.4	  0.0
3.5	  0.0
3.6	  0.0
3.7	  0.0
3.8	  0.0
3.9	  0.0
4.0	  0.0
4.1	  0.0
4.2	  0.0
4.3	  0.0
4.4	  0.0
4.5	  0.0
4.6	  0.0
4.7	  0.0
4.8	  0.0
4.9	  0.0
5.0	  0.0
5.1	  0.0
5.2	  0.0
5.3	  0.0
5.4	  0.0
5.5	  0.0
5.6	  0.0
5.7	  0.0
5.8	  0.0
5.9	  0.0
6.0	  0.0
6.1	  0.0
6.2	  0.0
6.3	  0.0
6.4	  0.0
6.5	  0.0
6.6	  0.0
6.7	  0.0
6.8	  0.0
6.9	  0.0
7.0	  0.0
7.1	  0.0
7.2	  0.0
7.3	  0.0
7.4	  0.0
7.5	  0.0
7.6	  0.0
7.7	  0.0
7.8	  0.0
7.9	  0.0
8.0	  0.0
8.1	  0.0
8.2	  0.0
8.3	  0.0
8.4	  0.0
8.5	  0.0
8.6	  0.0
8.7	  0.0
8.8	  0.0
8.9	  0.0
9.0	  0.0



DATASET #5

     Name: Mode
   Points: 66
     Info: 

Data[x,y]:
2.5	  0.0
2.6	  0.0
2.7	  0.0
2.8	  0.0
2.9	  0.0
3.0	  0.0
3.1	  0.0
3.2	  0.0
3.3	  0.0
3.4	  0.0
3.5	  0.0
3.6	  0.0
3.7	  0.0
3.8	  0.0
3.9	  0.0
4.0	  0.0
4.1	  0.0
4.2	  0.0
4.3	  0.0
4.4	  0.0
4.5	  0.0
4.6	  0.0
4.7	  0.0
4.8	  0.0
4.9	  0.0
5.0	  0.0
5.1	  0.0
5.2	  0.0
5.3	  0.0
5.4	  0.0
5.5	  0.0
5.6	  0.0
5.7	  0.0
5.8	  0.0
5.9	  0.0
6.0	  0.0
6.1	  0.0
6.2	  0.0
6.3	  0.0
6.4	  0.0
6.5	  0.0
6.6	  0.0
6.7	  0.0
6.8	  0.0
6.9	  0.0
7.0	  0.0
7.1	  0.0
7.2	  0.0
7.3	  0.0
7.4	  0.0
7.5	  0.0
7.6	  0.0
7.7	  0.0
7.8	  0.0
7.9	  0.0
8.0	  0.0
8.1	  0.0
8.2	  0.0
8.3	  0.0
8.4	  0.0
8.5	  0.0
8.6	  0.0
8.7	  0.0
8.8	  0.0
8.9	  0.0
9.0	  0.0



DATASET #6

     Name: 1 wk Prob
   Points: 66
     Info: 

Data[x,y]:
2.5	  0.53645
2.6	  0.46235
2.7	  0.39396
2.8	  0.33259
2.9	  0.27845
3.0	  0.23078
3.1	  0.19086
3.2	  0.15688
3.3	  0.12875
3.4	  0.10588
3.5	  0.08663
3.6	  0.0702
3.7	  0.05644
3.8	  0.0452
3.9	  0.03627
4.0	  0.02929
4.1	  0.02363
4.2	  0.019
4.3	  0.01522
4.4	  0.01223
4.5	  0.00984
4.6	  0.00803
4.7	  0.00646
4.8	  0.00513
4.9	  0.00422
5.0	  0.00349
5.1	  0.00273
5.2	  0.00216
5.3	  0.00167
5.4	  0.00126
5.5	  9.2E-4
5.6	  7.4E-4
5.7	  5.5E-4
5.8	  4.3E-4
5.9	  2.7E-4
6.0	  1.8E-4
6.1	  1.1E-4
6.2	  6.0E-5
6.3	  5.0E-5
6.4	  5.0E-5
6.5	  2.0E-5
6.6	  2.0E-5
6.7	  2.0E-5
6.8	  2.0E-5
6.9	  1.0E-5
7.0	  1.0E-5
7.1	  0.0
7.2	  0.0
7.3	  0.0
7.4	  0.0
7.5	  0.0
7.6	  0.0
7.7	  0.0
7.8	  0.0
7.9	  0.0
8.0	  0.0
8.1	  0.0
8.2	  0.0
8.3	  0.0
8.4	  0.0
8.5	  0.0
8.6	  0.0
8.7	  0.0
8.8	  0.0
8.9	  0.0
9.0	  0.0



DATASET #7

Name: 95% Conf
Num Points: 66
Info: 

X, Y Data:
2.5	0.53645	[0.53335285	0.53954434]
2.6	0.46235	[0.45925626	0.46544662]
2.7	0.39396	[0.3909306	0.39699757]
2.8	0.33259	[0.32967132	0.33552155]
2.9	0.27845	[0.27567536	0.2812417]
3.0	0.23078	[0.22817396	0.23340677]
3.1	0.19086	[0.1884312	0.19331259]
3.2	0.15688	[0.15463406	0.15915236]
3.3	0.12875	[0.12668341	0.13084517]
3.4	0.10588	[0.10398311	0.10780725]
3.5	0.08663	[0.08489742	0.08839443]
3.6	0.0702	[0.068628006	0.07180512]
3.7	0.05644	[0.0550217	0.057892498]
3.8	0.0452	[0.043924842	0.046510234]
3.9	0.03627	[0.035123978	0.037451804]
4.0	0.02929	[0.028257927	0.030358411]
4.1	0.02363	[0.022701792	0.024595002]
4.2	0.019	[0.018167213	0.01986996]
4.3	0.01522	[0.014474722	0.016002769]
4.4	0.01223	[0.011562395	0.012935354]
4.5	0.00984	[0.00924191	0.0104760565]
4.6	0.00803	[0.007490582	0.008607557]
4.7	0.00646	[0.0059772455	0.0069810543]
4.8	0.00513	[0.0047010356	0.005597414]
4.9	0.00422	[0.0038320534	0.0046465104]
5.0	0.00349	[0.003138325	0.0038803425]
5.1	0.00273	[0.0024204373	0.003078357]
5.2	0.00216	[0.0018860783	0.0024728335]
5.3	0.00167	[0.0014307264	0.0019483141]
5.4	0.00126	[0.0010538938	0.001505292]
5.5	9.2E-4	[7.457983E-4	0.0011335606]
5.6	7.4E-4	[5.851176E-4	9.343707E-4]
5.7	5.5E-4	[4.1826643E-4	7.2141475E-4]
5.8	4.3E-4	[3.1501072E-4	5.848478E-4]
5.9	2.7E-4	[1.8150492E-4	3.9874142E-4]
6.0	1.8E-4	[1.0999825E-4	2.9065256E-4]
6.1	1.1E-4	[5.7856672E-5	2.0338313E-4]
6.2	6.0E-5	[2.4390289E-5	1.377361E-4]
6.3	5.0E-5	[1.8407845E-5	1.2402E-4]
6.4	5.0E-5	[1.8407845E-5	1.2402E-4]
6.5	2.0E-5	[3.4641096E-6	8.066479E-5]
6.6	2.0E-5	[3.4641096E-6	8.066479E-5]
6.7	2.0E-5	[3.4641096E-6	8.066479E-5]
6.8	2.0E-5	[3.4641096E-6	8.066479E-5]
6.9	1.0E-5	[5.219861E-7	6.4949265E-5]
7.0	1.0E-5	[5.219861E-7	6.4949265E-5]
7.1	0.0	[0.0	4.7892154E-5]
7.2	0.0	[0.0	4.7892154E-5]
7.3	0.0	[0.0	4.7892154E-5]
7.4	0.0	[0.0	4.7892154E-5]
7.5	0.0	[0.0	4.7892154E-5]
7.6	0.0	[0.0	4.7892154E-5]
7.7	0.0	[0.0	4.7892154E-5]
7.8	0.0	[0.0	4.7892154E-5]
7.9	0.0	[0.0	4.7892154E-5]
8.0	0.0	[0.0	4.7892154E-5]
8.1	0.0	[0.0	4.7892154E-5]
8.2	0.0	[0.0	4.7892154E-5]
8.3	0.0	[0.0	4.7892154E-5]
8.4	0.0	[0.0	0.0]
8.5	0.0	[0.0	0.0]
8.6	0.0	[0.0	0.0]
8.7	0.0	[0.0	0.0]
8.8	0.0	[0.0	0.0]
8.9	0.0	[0.0	0.0]
9.0	0.0	[0.0	0.0]



DATASET #8

     Name: Supra
   Points: 66
     Info: 

Data[x,y]:
2.5	  4.0E-5
2.6	  4.0E-5
2.7	  4.0E-5
2.8	  4.0E-5
2.9	  4.0E-5
3.0	  4.0E-5
3.1	  4.0E-5
3.2	  4.0E-5
3.3	  4.0E-5
3.4	  4.0E-5
3.5	  4.0E-5
3.6	  4.0E-5
3.7	  4.0E-5
3.8	  4.0E-5
3.9	  4.0E-5
4.0	  4.0E-5
4.1	  4.0E-5
4.2	  4.0E-5
4.3	  4.0E-5
4.4	  4.0E-5
4.5	  4.0E-5
4.6	  4.0E-5
4.7	  4.0E-5
4.8	  4.0E-5
4.9	  4.0E-5
5.0	  4.0E-5
5.1	  4.0E-5
5.2	  4.0E-5
5.3	  4.0E-5
5.4	  4.0E-5
5.5	  4.0E-5
5.6	  4.0E-5
5.7	  4.0E-5
5.8	  4.0E-5
5.9	  4.0E-5
6.0	  4.0E-5
6.1	  4.0E-5
6.2	  4.0E-5
6.3	  4.0E-5
6.4	  4.0E-5
6.5	  1.0E-5
6.6	  1.0E-5
6.7	  1.0E-5
6.8	  1.0E-5
6.9	  0.0
7.0	  0.0
7.1	  0.0
7.2	  0.0
7.3	  0.0
7.4	  0.0
7.5	  0.0
7.6	  0.0
7.7	  0.0
7.8	  0.0
7.9	  0.0
8.0	  0.0
8.1	  0.0
8.2	  0.0
8.3	  0.0
8.4	  0.0
8.5	  0.0
8.6	  0.0
8.7	  0.0
8.8	  0.0
8.9	  0.0
9.0	  0.0



DATASET #9

     Name: Primary
   Points: 66
     Info: 

Data[x,y]:
2.5	  0.63861
2.6	  0.50845
2.7	  0.40274
2.8	  0.31983
2.9	  0.25366
3.0	  0.20057
3.1	  0.15948
3.2	  0.12675
3.3	  0.1014
3.4	  0.08078
3.5	  0.06466
3.6	  0.05126
3.7	  0.04048
3.8	  0.03167
3.9	  0.02474
4.0	  0.01953
4.1	  0.01536
4.2	  0.01209
4.3	  0.00956
4.4	  0.00754
4.5	  0.00592
4.6	  0.00465
4.7	  0.00379
4.8	  0.00305
4.9	  0.0025
5.0	  0.00205
5.1	  0.00158
5.2	  0.00121
5.3	  8.7E-4
5.4	  6.5E-4
5.5	  4.7E-4
5.6	  3.7E-4
5.7	  2.6E-4
5.8	  2.0E-4
5.9	  1.0E-4
6.0	  5.0E-5
6.1	  2.0E-5
6.2	  1.0E-5
6.3	  1.0E-5
6.4	  1.0E-5
6.5	  1.0E-5
6.6	  1.0E-5
6.7	  1.0E-5
6.8	  1.0E-5
6.9	  0.0
7.0	  0.0
7.1	  0.0
7.2	  0.0
7.3	  0.0
7.4	  0.0
7.5	  0.0
7.6	  0.0
7.7	  0.0
7.8	  0.0
7.9	  0.0
8.0	  0.0
8.1	  0.0
8.2	  0.0
8.3	  0.0
8.4	  0.0
8.5	  0.0
8.6	  0.0
8.7	  0.0
8.8	  0.0
8.9	  0.0
9.0	  0.0


