
X-Axis: Magnitude
Y-Axis: 1 Year Cumulative Number
Number of Data Sets: 9


DATASET #1

     Name: Mean
   Points: 66
     Info: 

Data[x,y]:
2.5	  4.58765
2.6	  3.64846
2.7	  2.89789
2.8	  2.30018
2.9	  1.82799
3.0	  1.45164
3.1	  1.15158
3.2	  0.91289
3.3	  0.72609
3.4	  0.57618
3.5	  0.45747
3.6	  0.36413
3.7	  0.28779
3.8	  0.22881
3.9	  0.18182
4.0	  0.1444
4.1	  0.11477
4.2	  0.09063
4.3	  0.07187
4.4	  0.05687
4.5	  0.045
4.6	  0.03604
4.7	  0.02856
4.8	  0.02251
4.9	  0.01775
5.0	  0.01407
5.1	  0.0109
5.2	  0.00837
5.3	  0.00644
5.4	  0.0049
5.5	  0.0036
5.6	  0.00271
5.7	  0.0019
5.8	  0.00127
5.9	  9.0E-4
6.0	  5.7E-4
6.1	  3.8E-4
6.2	  2.0E-4
6.3	  1.9E-4
6.4	  1.8E-4
6.5	  1.3E-4
6.6	  7.0E-5
6.7	  7.0E-5
6.8	  6.0E-5
6.9	  3.0E-5
7.0	  1.0E-5
7.1	  0.0
7.2	  0.0
7.3	  0.0
7.4	  0.0
7.5	  0.0
7.6	  0.0
7.7	  0.0
7.8	  0.0
7.9	  0.0
8.0	  0.0
8.1	  0.0
8.2	  0.0
8.3	  0.0
8.4	  0.0
8.5	  0.0
8.6	  0.0
8.7	  0.0
8.8	  0.0
8.9	  0.0
9.0	  0.0



DATASET #2

     Name: 2.5%,97.5%
   Points: 66
     Info: 

Data[x,y]:
2.5	  0.0
2.6	  0.0
2.7	  0.0
2.8	  0.0
2.9	  0.0
3.0	  0.0
3.1	  0.0
3.2	  0.0
3.3	  0.0
3.4	  0.0
3.5	  0.0
3.6	  0.0
3.7	  0.0
3.8	  0.0
3.9	  0.0
4.0	  0.0
4.1	  0.0
4.2	  0.0
4.3	  0.0
4.4	  0.0
4.5	  0.0
4.6	  0.0
4.7	  0.0
4.8	  0.0
4.9	  0.0
5.0	  0.0
5.1	  0.0
5.2	  0.0
5.3	  0.0
5.4	  0.0
5.5	  0.0
5.6	  0.0
5.7	  0.0
5.8	  0.0
5.9	  0.0
6.0	  0.0
6.1	  0.0
6.2	  0.0
6.3	  0.0
6.4	  0.0
6.5	  0.0
6.6	  0.0
6.7	  0.0
6.8	  0.0
6.9	  0.0
7.0	  0.0
7.1	  0.0
7.2	  0.0
7.3	  0.0
7.4	  0.0
7.5	  0.0
7.6	  0.0
7.7	  0.0
7.8	  0.0
7.9	  0.0
8.0	  0.0
8.1	  0.0
8.2	  0.0
8.3	  0.0
8.4	  0.0
8.5	  0.0
8.6	  0.0
8.7	  0.0
8.8	  0.0
8.9	  0.0
9.0	  0.0



DATASET #3

     Name: null
   Points: 66
     Info: 

Data[x,y]:
2.5	  17.0
2.6	  14.0
2.7	  11.0
2.8	  9.0
2.9	  8.0
3.0	  6.0
3.1	  5.0
3.2	  5.0
3.3	  4.0
3.4	  3.0
3.5	  3.0
3.6	  2.0
3.7	  2.0
3.8	  2.0
3.9	  2.0
4.0	  1.0
4.1	  1.0
4.2	  1.0
4.3	  1.0
4.4	  1.0
4.5	  1.0
4.6	  1.0
4.7	  0.0
4.8	  0.0
4.9	  0.0
5.0	  0.0
5.1	  0.0
5.2	  0.0
5.3	  0.0
5.4	  0.0
5.5	  0.0
5.6	  0.0
5.7	  0.0
5.8	  0.0
5.9	  0.0
6.0	  0.0
6.1	  0.0
6.2	  0.0
6.3	  0.0
6.4	  0.0
6.5	  0.0
6.6	  0.0
6.7	  0.0
6.8	  0.0
6.9	  0.0
7.0	  0.0
7.1	  0.0
7.2	  0.0
7.3	  0.0
7.4	  0.0
7.5	  0.0
7.6	  0.0
7.7	  0.0
7.8	  0.0
7.9	  0.0
8.0	  0.0
8.1	  0.0
8.2	  0.0
8.3	  0.0
8.4	  0.0
8.5	  0.0
8.6	  0.0
8.7	  0.0
8.8	  0.0
8.9	  0.0
9.0	  0.0



DATASET #4

     Name: Median
   Points: 66
     Info: 

Data[x,y]:
2.5	  2.0
2.6	  2.0
2.7	  1.0
2.8	  1.0
2.9	  1.0
3.0	  1.0
3.1	  0.0
3.2	  0.0
3.3	  0.0
3.4	  0.0
3.5	  0.0
3.6	  0.0
3.7	  0.0
3.8	  0.0
3.9	  0.0
4.0	  0.0
4.1	  0.0
4.2	  0.0
4.3	  0.0
4.4	  0.0
4.5	  0.0
4.6	  0.0
4.7	  0.0
4.8	  0.0
4.9	  0.0
5.0	  0.0
5.1	  0.0
5.2	  0.0
5.3	  0.0
5.4	  0.0
5.5	  0.0
5.6	  0.0
5.7	  0.0
5.8	  0.0
5.9	  0.0
6.0	  0.0
6.1	  0.0
6.2	  0.0
6.3	  0.0
6.4	  0.0
6.5	  0.0
6.6	  0.0
6.7	  0.0
6.8	  0.0
6.9	  0.0
7.0	  0.0
7.1	  0.0
7.2	  0.0
7.3	  0.0
7.4	  0.0
7.5	  0.0
7.6	  0.0
7.7	  0.0
7.8	  0.0
7.9	  0.0
8.0	  0.0
8.1	  0.0
8.2	  0.0
8.3	  0.0
8.4	  0.0
8.5	  0.0
8.6	  0.0
8.7	  0.0
8.8	  0.0
8.9	  0.0
9.0	  0.0



DATASET #5

     Name: Mode
   Points: 66
     Info: 

Data[x,y]:
2.5	  2.0
2.6	  1.0
2.7	  1.0
2.8	  0.0
2.9	  0.0
3.0	  0.0
3.1	  0.0
3.2	  0.0
3.3	  0.0
3.4	  0.0
3.5	  0.0
3.6	  0.0
3.7	  0.0
3.8	  0.0
3.9	  0.0
4.0	  0.0
4.1	  0.0
4.2	  0.0
4.3	  0.0
4.4	  0.0
4.5	  0.0
4.6	  0.0
4.7	  0.0
4.8	  0.0
4.9	  0.0
5.0	  0.0
5.1	  0.0
5.2	  0.0
5.3	  0.0
5.4	  0.0
5.5	  0.0
5.6	  0.0
5.7	  0.0
5.8	  0.0
5.9	  0.0
6.0	  0.0
6.1	  0.0
6.2	  0.0
6.3	  0.0
6.4	  0.0
6.5	  0.0
6.6	  0.0
6.7	  0.0
6.8	  0.0
6.9	  0.0
7.0	  0.0
7.1	  0.0
7.2	  0.0
7.3	  0.0
7.4	  0.0
7.5	  0.0
7.6	  0.0
7.7	  0.0
7.8	  0.0
7.9	  0.0
8.0	  0.0
8.1	  0.0
8.2	  0.0
8.3	  0.0
8.4	  0.0
8.5	  0.0
8.6	  0.0
8.7	  0.0
8.8	  0.0
8.9	  0.0
9.0	  0.0



DATASET #6

     Name: 1 yr Prob
   Points: 66
     Info: 

Data[x,y]:
2.5	  0.89364
2.6	  0.83805
2.7	  0.77027
2.8	  0.69516
2.9	  0.61835
3.0	  0.53992
3.1	  0.46613
3.2	  0.39743
3.3	  0.33641
3.4	  0.2824
3.5	  0.23563
3.6	  0.196
3.7	  0.16184
3.8	  0.13267
3.9	  0.109
4.0	  0.08885
4.1	  0.0722
4.2	  0.05844
4.3	  0.04749
4.4	  0.03852
4.5	  0.03117
4.6	  0.02539
4.7	  0.02058
4.8	  0.01649
4.9	  0.01329
5.0	  0.0106
5.1	  0.00841
5.2	  0.00669
5.3	  0.00517
5.4	  0.00404
5.5	  0.00297
5.6	  0.00231
5.7	  0.00161
5.8	  0.00112
5.9	  8.1E-4
6.0	  5.4E-4
6.1	  3.8E-4
6.2	  2.0E-4
6.3	  1.9E-4
6.4	  1.8E-4
6.5	  1.3E-4
6.6	  7.0E-5
6.7	  7.0E-5
6.8	  6.0E-5
6.9	  3.0E-5
7.0	  1.0E-5
7.1	  0.0
7.2	  0.0
7.3	  0.0
7.4	  0.0
7.5	  0.0
7.6	  0.0
7.7	  0.0
7.8	  0.0
7.9	  0.0
8.0	  0.0
8.1	  0.0
8.2	  0.0
8.3	  0.0
8.4	  0.0
8.5	  0.0
8.6	  0.0
8.7	  0.0
8.8	  0.0
8.9	  0.0
9.0	  0.0



DATASET #7

Name: 95% Conf
Num Points: 66
Info: 

X, Y Data:
2.5	0.89364	[0.89170897	0.8955407]
2.6	0.83805	[0.8357486	0.84032536]
2.7	0.77027	[0.7676473	0.77287185]
2.8	0.69516	[0.6922943	0.6980107]
2.9	0.61835	[0.61532956	0.6213614]
3.0	0.53992	[0.5368244	0.54301256]
3.1	0.46613	[0.46303445	0.46922815]
3.2	0.39743	[0.3943959	0.40047202]
3.3	0.33641	[0.3334829	0.33934972]
3.4	0.2824	[0.27961326	0.2852035]
3.5	0.23563	[0.2330048	0.23827556]
3.6	0.196	[0.19354628	0.19847712]
3.7	0.16184	[0.15956526	0.16414079]
3.8	0.13267	[0.13057664	0.13479164]
3.9	0.109	[0.10707848	0.11095164]
4.0	0.08885	[0.08709729	0.09063439]
4.1	0.0722	[0.07060726	0.07382572]
4.2	0.05844	[0.056998048	0.059915993]
4.3	0.04749	[0.046184126	0.04883077]
4.4	0.03852	[0.03733989	0.039735716]
4.5	0.03117	[0.030105883	0.032270305]
4.6	0.02539	[0.024428178	0.026388474]
4.7	0.02058	[0.019713385	0.021483658]
4.8	0.01649	[0.015714163	0.017303219]
4.9	0.01329	[0.012593833	0.014023824]
5.0	0.0106	[0.0099789435	0.011258952]
5.1	0.00841	[0.007857742	0.00900036]
5.2	0.00669	[0.006198536	0.0072197393]
5.3	0.00517	[0.004739321	0.0056391237]
5.4	0.00404	[0.003660682	0.0044579064]
5.5	0.00297	[0.0026465643	0.0033321872]
5.6	0.00231	[0.0020262818	0.0026325965]
5.7	0.00161	[0.0013753024	0.0018837565]
5.8	0.00112	[9.264345E-4	0.0013528144]
5.9	8.1E-4	[6.473529E-4	0.0010120806]
6.0	5.4E-4	[4.0958758E-4	7.101062E-4]
6.1	3.8E-4	[2.726675E-4	5.2728696E-4]
6.2	2.0E-4	[1.2555439E-4	3.1498473E-4]
6.3	1.9E-4	[1.1774775E-4	3.0284515E-4]
6.4	1.8E-4	[1.0999825E-4	2.9065256E-4]
6.5	1.3E-4	[7.23001E-5	2.287271E-4]
6.6	7.0E-5	[3.0673422E-5	1.5121036E-4]
6.7	7.0E-5	[3.0673422E-5	1.5121036E-4]
6.8	6.0E-5	[2.4390289E-5	1.377361E-4]
6.9	3.0E-5	[7.747817E-6	9.559829E-5]
7.0	1.0E-5	[5.219861E-7	6.4949265E-5]
7.1	0.0	[0.0	4.7892154E-5]
7.2	0.0	[0.0	4.7892154E-5]
7.3	0.0	[0.0	4.7892154E-5]
7.4	0.0	[0.0	4.7892154E-5]
7.5	0.0	[0.0	4.7892154E-5]
7.6	0.0	[0.0	4.7892154E-5]
7.7	0.0	[0.0	4.7892154E-5]
7.8	0.0	[0.0	4.7892154E-5]
7.9	0.0	[0.0	4.7892154E-5]
8.0	0.0	[0.0	4.7892154E-5]
8.1	0.0	[0.0	4.7892154E-5]
8.2	0.0	[0.0	4.7892154E-5]
8.3	0.0	[0.0	4.7892154E-5]
8.4	0.0	[0.0	0.0]
8.5	0.0	[0.0	0.0]
8.6	0.0	[0.0	0.0]
8.7	0.0	[0.0	0.0]
8.8	0.0	[0.0	0.0]
8.9	0.0	[0.0	0.0]
9.0	0.0	[0.0	0.0]



DATASET #8

     Name: Supra
   Points: 66
     Info: 

Data[x,y]:
2.5	  1.8E-4
2.6	  1.8E-4
2.7	  1.8E-4
2.8	  1.8E-4
2.9	  1.8E-4
3.0	  1.8E-4
3.1	  1.8E-4
3.2	  1.8E-4
3.3	  1.8E-4
3.4	  1.8E-4
3.5	  1.8E-4
3.6	  1.8E-4
3.7	  1.8E-4
3.8	  1.8E-4
3.9	  1.8E-4
4.0	  1.8E-4
4.1	  1.8E-4
4.2	  1.8E-4
4.3	  1.8E-4
4.4	  1.8E-4
4.5	  1.8E-4
4.6	  1.8E-4
4.7	  1.8E-4
4.8	  1.8E-4
4.9	  1.8E-4
5.0	  1.8E-4
5.1	  1.8E-4
5.2	  1.8E-4
5.3	  1.8E-4
5.4	  1.8E-4
5.5	  1.8E-4
5.6	  1.8E-4
5.7	  1.8E-4
5.8	  1.8E-4
5.9	  1.8E-4
6.0	  1.8E-4
6.1	  1.8E-4
6.2	  1.6E-4
6.3	  1.6E-4
6.4	  1.6E-4
6.5	  1.2E-4
6.6	  6.0E-5
6.7	  6.0E-5
6.8	  5.0E-5
6.9	  2.0E-5
7.0	  0.0
7.1	  0.0
7.2	  0.0
7.3	  0.0
7.4	  0.0
7.5	  0.0
7.6	  0.0
7.7	  0.0
7.8	  0.0
7.9	  0.0
8.0	  0.0
8.1	  0.0
8.2	  0.0
8.3	  0.0
8.4	  0.0
8.5	  0.0
8.6	  0.0
8.7	  0.0
8.8	  0.0
8.9	  0.0
9.0	  0.0



DATASET #9

     Name: Primary
   Points: 66
     Info: 

Data[x,y]:
2.5	  1.95278
2.6	  1.55558
2.7	  1.23563
2.8	  0.97966
2.9	  0.77905
3.0	  0.61668
3.1	  0.48879
3.2	  0.38858
3.3	  0.30947
3.4	  0.24562
3.5	  0.19511
3.6	  0.15524
3.7	  0.1237
3.8	  0.09783
3.9	  0.0774
4.0	  0.06127
4.1	  0.04845
4.2	  0.03784
4.3	  0.03024
4.4	  0.02383
4.5	  0.01891
4.6	  0.0149
4.7	  0.01182
4.8	  0.0094
4.9	  0.00752
5.0	  0.00579
5.1	  0.00452
5.2	  0.0035
5.3	  0.00262
5.4	  0.00204
5.5	  0.00152
5.6	  0.00118
5.7	  8.2E-4
5.8	  5.7E-4
5.9	  3.6E-4
6.0	  2.1E-4
6.1	  1.3E-4
6.2	  6.0E-5
6.3	  6.0E-5
6.4	  5.0E-5
6.5	  5.0E-5
6.6	  3.0E-5
6.7	  3.0E-5
6.8	  3.0E-5
6.9	  1.0E-5
7.0	  0.0
7.1	  0.0
7.2	  0.0
7.3	  0.0
7.4	  0.0
7.5	  0.0
7.6	  0.0
7.7	  0.0
7.8	  0.0
7.9	  0.0
8.0	  0.0
8.1	  0.0
8.2	  0.0
8.3	  0.0
8.4	  0.0
8.5	  0.0
8.6	  0.0
8.7	  0.0
8.8	  0.0
8.9	  0.0
9.0	  0.0


