
X-Axis: Magnitude
Y-Axis: 1 Hour Cumulative Number
Number of Data Sets: 9


DATASET #1

     Name: Mean
   Points: 66
     Info: 

Data[x,y]:
2.5	  0.01349
2.6	  0.01076
2.7	  0.00829
2.8	  0.00665
2.9	  0.00534
3.0	  0.00426
3.1	  0.00337
3.2	  0.0028
3.3	  0.00213
3.4	  0.00172
3.5	  0.00137
3.6	  0.00108
3.7	  8.6E-4
3.8	  6.6E-4
3.9	  5.6E-4
4.0	  4.7E-4
4.1	  3.4E-4
4.2	  2.4E-4
4.3	  2.2E-4
4.4	  1.8E-4
4.5	  1.7E-4
4.6	  1.3E-4
4.7	  1.0E-4
4.8	  8.0E-5
4.9	  7.0E-5
5.0	  6.0E-5
5.1	  6.0E-5
5.2	  5.0E-5
5.3	  5.0E-5
5.4	  4.0E-5
5.5	  2.0E-5
5.6	  2.0E-5
5.7	  2.0E-5
5.8	  2.0E-5
5.9	  0.0
6.0	  0.0
6.1	  0.0
6.2	  0.0
6.3	  0.0
6.4	  0.0
6.5	  0.0
6.6	  0.0
6.7	  0.0
6.8	  0.0
6.9	  0.0
7.0	  0.0
7.1	  0.0
7.2	  0.0
7.3	  0.0
7.4	  0.0
7.5	  0.0
7.6	  0.0
7.7	  0.0
7.8	  0.0
7.9	  0.0
8.0	  0.0
8.1	  0.0
8.2	  0.0
8.3	  0.0
8.4	  0.0
8.5	  0.0
8.6	  0.0
8.7	  0.0
8.8	  0.0
8.9	  0.0
9.0	  0.0



DATASET #2

     Name: 2.5%,97.5%
   Points: 66
     Info: 

Data[x,y]:
2.5	  0.0
2.6	  0.0
2.7	  0.0
2.8	  0.0
2.9	  0.0
3.0	  0.0
3.1	  0.0
3.2	  0.0
3.3	  0.0
3.4	  0.0
3.5	  0.0
3.6	  0.0
3.7	  0.0
3.8	  0.0
3.9	  0.0
4.0	  0.0
4.1	  0.0
4.2	  0.0
4.3	  0.0
4.4	  0.0
4.5	  0.0
4.6	  0.0
4.7	  0.0
4.8	  0.0
4.9	  0.0
5.0	  0.0
5.1	  0.0
5.2	  0.0
5.3	  0.0
5.4	  0.0
5.5	  0.0
5.6	  0.0
5.7	  0.0
5.8	  0.0
5.9	  0.0
6.0	  0.0
6.1	  0.0
6.2	  0.0
6.3	  0.0
6.4	  0.0
6.5	  0.0
6.6	  0.0
6.7	  0.0
6.8	  0.0
6.9	  0.0
7.0	  0.0
7.1	  0.0
7.2	  0.0
7.3	  0.0
7.4	  0.0
7.5	  0.0
7.6	  0.0
7.7	  0.0
7.8	  0.0
7.9	  0.0
8.0	  0.0
8.1	  0.0
8.2	  0.0
8.3	  0.0
8.4	  0.0
8.5	  0.0
8.6	  0.0
8.7	  0.0
8.8	  0.0
8.9	  0.0
9.0	  0.0



DATASET #3

     Name: null
   Points: 66
     Info: 

Data[x,y]:
2.5	  0.0
2.6	  0.0
2.7	  0.0
2.8	  0.0
2.9	  0.0
3.0	  0.0
3.1	  0.0
3.2	  0.0
3.3	  0.0
3.4	  0.0
3.5	  0.0
3.6	  0.0
3.7	  0.0
3.8	  0.0
3.9	  0.0
4.0	  0.0
4.1	  0.0
4.2	  0.0
4.3	  0.0
4.4	  0.0
4.5	  0.0
4.6	  0.0
4.7	  0.0
4.8	  0.0
4.9	  0.0
5.0	  0.0
5.1	  0.0
5.2	  0.0
5.3	  0.0
5.4	  0.0
5.5	  0.0
5.6	  0.0
5.7	  0.0
5.8	  0.0
5.9	  0.0
6.0	  0.0
6.1	  0.0
6.2	  0.0
6.3	  0.0
6.4	  0.0
6.5	  0.0
6.6	  0.0
6.7	  0.0
6.8	  0.0
6.9	  0.0
7.0	  0.0
7.1	  0.0
7.2	  0.0
7.3	  0.0
7.4	  0.0
7.5	  0.0
7.6	  0.0
7.7	  0.0
7.8	  0.0
7.9	  0.0
8.0	  0.0
8.1	  0.0
8.2	  0.0
8.3	  0.0
8.4	  0.0
8.5	  0.0
8.6	  0.0
8.7	  0.0
8.8	  0.0
8.9	  0.0
9.0	  0.0



DATASET #4

     Name: Median
   Points: 66
     Info: 

Data[x,y]:
2.5	  0.0
2.6	  0.0
2.7	  0.0
2.8	  0.0
2.9	  0.0
3.0	  0.0
3.1	  0.0
3.2	  0.0
3.3	  0.0
3.4	  0.0
3.5	  0.0
3.6	  0.0
3.7	  0.0
3.8	  0.0
3.9	  0.0
4.0	  0.0
4.1	  0.0
4.2	  0.0
4.3	  0.0
4.4	  0.0
4.5	  0.0
4.6	  0.0
4.7	  0.0
4.8	  0.0
4.9	  0.0
5.0	  0.0
5.1	  0.0
5.2	  0.0
5.3	  0.0
5.4	  0.0
5.5	  0.0
5.6	  0.0
5.7	  0.0
5.8	  0.0
5.9	  0.0
6.0	  0.0
6.1	  0.0
6.2	  0.0
6.3	  0.0
6.4	  0.0
6.5	  0.0
6.6	  0.0
6.7	  0.0
6.8	  0.0
6.9	  0.0
7.0	  0.0
7.1	  0.0
7.2	  0.0
7.3	  0.0
7.4	  0.0
7.5	  0.0
7.6	  0.0
7.7	  0.0
7.8	  0.0
7.9	  0.0
8.0	  0.0
8.1	  0.0
8.2	  0.0
8.3	  0.0
8.4	  0.0
8.5	  0.0
8.6	  0.0
8.7	  0.0
8.8	  0.0
8.9	  0.0
9.0	  0.0



DATASET #5

     Name: Mode
   Points: 66
     Info: 

Data[x,y]:
2.5	  0.0
2.6	  0.0
2.7	  0.0
2.8	  0.0
2.9	  0.0
3.0	  0.0
3.1	  0.0
3.2	  0.0
3.3	  0.0
3.4	  0.0
3.5	  0.0
3.6	  0.0
3.7	  0.0
3.8	  0.0
3.9	  0.0
4.0	  0.0
4.1	  0.0
4.2	  0.0
4.3	  0.0
4.4	  0.0
4.5	  0.0
4.6	  0.0
4.7	  0.0
4.8	  0.0
4.9	  0.0
5.0	  0.0
5.1	  0.0
5.2	  0.0
5.3	  0.0
5.4	  0.0
5.5	  0.0
5.6	  0.0
5.7	  0.0
5.8	  0.0
5.9	  0.0
6.0	  0.0
6.1	  0.0
6.2	  0.0
6.3	  0.0
6.4	  0.0
6.5	  0.0
6.6	  0.0
6.7	  0.0
6.8	  0.0
6.9	  0.0
7.0	  0.0
7.1	  0.0
7.2	  0.0
7.3	  0.0
7.4	  0.0
7.5	  0.0
7.6	  0.0
7.7	  0.0
7.8	  0.0
7.9	  0.0
8.0	  0.0
8.1	  0.0
8.2	  0.0
8.3	  0.0
8.4	  0.0
8.5	  0.0
8.6	  0.0
8.7	  0.0
8.8	  0.0
8.9	  0.0
9.0	  0.0



DATASET #6

     Name: 1 hr Prob
   Points: 66
     Info: 

Data[x,y]:
2.5	  0.00986
2.6	  0.0081
2.7	  0.00642
2.8	  0.00516
2.9	  0.00421
3.0	  0.00338
3.1	  0.00273
3.2	  0.00228
3.3	  0.00176
3.4	  0.00145
3.5	  0.00116
3.6	  9.4E-4
3.7	  7.7E-4
3.8	  6.1E-4
3.9	  5.2E-4
4.0	  4.4E-4
4.1	  3.4E-4
4.2	  2.4E-4
4.3	  2.2E-4
4.4	  1.8E-4
4.5	  1.7E-4
4.6	  1.3E-4
4.7	  1.0E-4
4.8	  8.0E-5
4.9	  7.0E-5
5.0	  6.0E-5
5.1	  6.0E-5
5.2	  5.0E-5
5.3	  5.0E-5
5.4	  4.0E-5
5.5	  2.0E-5
5.6	  2.0E-5
5.7	  2.0E-5
5.8	  2.0E-5
5.9	  0.0
6.0	  0.0
6.1	  0.0
6.2	  0.0
6.3	  0.0
6.4	  0.0
6.5	  0.0
6.6	  0.0
6.7	  0.0
6.8	  0.0
6.9	  0.0
7.0	  0.0
7.1	  0.0
7.2	  0.0
7.3	  0.0
7.4	  0.0
7.5	  0.0
7.6	  0.0
7.7	  0.0
7.8	  0.0
7.9	  0.0
8.0	  0.0
8.1	  0.0
8.2	  0.0
8.3	  0.0
8.4	  0.0
8.5	  0.0
8.6	  0.0
8.7	  0.0
8.8	  0.0
8.9	  0.0
9.0	  0.0



DATASET #7

Name: 95% Conf
Num Points: 66
Info: 

X, Y Data:
2.5	0.00986	[0.009261294	0.01049667]
2.6	0.0081	[0.0075581935	0.0086799385]
2.7	0.00642	[0.0059387763	0.006939528]
2.8	0.00516	[0.0047297487	0.005628697]
2.9	0.00421	[0.0038225278	0.004636037]
3.0	0.00338	[0.0030341118	0.0037645726]
3.1	0.00273	[0.0024204373	0.003078357]
3.2	0.00228	[0.0019982147	0.0026006699]
3.3	0.00176	[0.0015140139	0.0020450002]
3.4	0.00145	[0.0012279409	0.0017111716]
3.5	0.00116	[9.627752E-4	0.0013964548]
3.6	9.4E-4	[7.63773E-4	0.0011555735]
3.7	7.7E-4	[6.11747E-4	9.67717E-4]
3.8	6.1E-4	[4.7057818E-4	7.890333E-4]
3.9	5.2E-4	[3.922669E-4	6.874532E-4]
4.0	4.4E-4	[3.2353326E-4	5.96308E-4]
4.1	3.4E-4	[2.3915971E-4	4.8088527E-4]
4.2	2.4E-4	[1.5727628E-4	3.6308065E-4]
4.3	2.2E-4	[1.4132302E-4	3.3911917E-4]
4.4	1.8E-4	[1.0999825E-4	2.9065256E-4]
4.5	1.7E-4	[1.02310594E-4	2.7840282E-4]
4.6	1.3E-4	[7.23001E-5	2.287271E-4]
4.7	1.0E-4	[5.08174E-5	1.9054979E-4]
4.8	8.0E-5	[3.7198402E-5	1.6448459E-4]
4.9	7.0E-5	[3.0673422E-5	1.5121036E-4]
5.0	6.0E-5	[2.4390289E-5	1.377361E-4]
5.1	6.0E-5	[2.4390289E-5	1.377361E-4]
5.2	5.0E-5	[1.8407845E-5	1.2402E-4]
5.3	5.0E-5	[1.8407845E-5	1.2402E-4]
5.4	4.0E-5	[1.2813544E-5	1.10003224E-4]
5.5	2.0E-5	[3.4641096E-6	8.066479E-5]
5.6	2.0E-5	[3.4641096E-6	8.066479E-5]
5.7	2.0E-5	[3.4641096E-6	8.066479E-5]
5.8	2.0E-5	[3.4641096E-6	8.066479E-5]
5.9	0.0	[0.0	4.7892154E-5]
6.0	0.0	[0.0	4.7892154E-5]
6.1	0.0	[0.0	4.7892154E-5]
6.2	0.0	[0.0	4.7892154E-5]
6.3	0.0	[0.0	4.7892154E-5]
6.4	0.0	[0.0	4.7892154E-5]
6.5	0.0	[0.0	4.7892154E-5]
6.6	0.0	[0.0	4.7892154E-5]
6.7	0.0	[0.0	4.7892154E-5]
6.8	0.0	[0.0	4.7892154E-5]
6.9	0.0	[0.0	4.7892154E-5]
7.0	0.0	[0.0	4.7892154E-5]
7.1	0.0	[0.0	4.7892154E-5]
7.2	0.0	[0.0	4.7892154E-5]
7.3	0.0	[0.0	4.7892154E-5]
7.4	0.0	[0.0	4.7892154E-5]
7.5	0.0	[0.0	4.7892154E-5]
7.6	0.0	[0.0	4.7892154E-5]
7.7	0.0	[0.0	4.7892154E-5]
7.8	0.0	[0.0	4.7892154E-5]
7.9	0.0	[0.0	4.7892154E-5]
8.0	0.0	[0.0	4.7892154E-5]
8.1	0.0	[0.0	4.7892154E-5]
8.2	0.0	[0.0	4.7892154E-5]
8.3	0.0	[0.0	4.7892154E-5]
8.4	0.0	[0.0	0.0]
8.5	0.0	[0.0	0.0]
8.6	0.0	[0.0	0.0]
8.7	0.0	[0.0	0.0]
8.8	0.0	[0.0	0.0]
8.9	0.0	[0.0	0.0]
9.0	0.0	[0.0	0.0]



DATASET #8

     Name: Supra
   Points: 66
     Info: 

Data[x,y]:
2.5	  0.0
2.6	  0.0
2.7	  0.0
2.8	  0.0
2.9	  0.0
3.0	  0.0
3.1	  0.0
3.2	  0.0
3.3	  0.0
3.4	  0.0
3.5	  0.0
3.6	  0.0
3.7	  0.0
3.8	  0.0
3.9	  0.0
4.0	  0.0
4.1	  0.0
4.2	  0.0
4.3	  0.0
4.4	  0.0
4.5	  0.0
4.6	  0.0
4.7	  0.0
4.8	  0.0
4.9	  0.0
5.0	  0.0
5.1	  0.0
5.2	  0.0
5.3	  0.0
5.4	  0.0
5.5	  0.0
5.6	  0.0
5.7	  0.0
5.8	  0.0
5.9	  0.0
6.0	  0.0
6.1	  0.0
6.2	  0.0
6.3	  0.0
6.4	  0.0
6.5	  0.0
6.6	  0.0
6.7	  0.0
6.8	  0.0
6.9	  0.0
7.0	  0.0
7.1	  0.0
7.2	  0.0
7.3	  0.0
7.4	  0.0
7.5	  0.0
7.6	  0.0
7.7	  0.0
7.8	  0.0
7.9	  0.0
8.0	  0.0
8.1	  0.0
8.2	  0.0
8.3	  0.0
8.4	  0.0
8.5	  0.0
8.6	  0.0
8.7	  0.0
8.8	  0.0
8.9	  0.0
9.0	  0.0



DATASET #9

     Name: Primary
   Points: 66
     Info: 

Data[x,y]:
2.5	  0.0055
2.6	  0.00443
2.7	  0.0034
2.8	  0.00275
2.9	  0.00213
3.0	  0.00165
3.1	  0.00132
3.2	  0.0011
3.3	  8.2E-4
3.4	  6.7E-4
3.5	  5.2E-4
3.6	  4.4E-4
3.7	  3.3E-4
3.8	  2.7E-4
3.9	  2.3E-4
4.0	  1.9E-4
4.1	  1.3E-4
4.2	  8.0E-5
4.3	  8.0E-5
4.4	  7.0E-5
4.5	  6.0E-5
4.6	  4.0E-5
4.7	  2.0E-5
4.8	  2.0E-5
4.9	  2.0E-5
5.0	  1.0E-5
5.1	  1.0E-5
5.2	  1.0E-5
5.3	  1.0E-5
5.4	  1.0E-5
5.5	  1.0E-5
5.6	  1.0E-5
5.7	  1.0E-5
5.8	  1.0E-5
5.9	  0.0
6.0	  0.0
6.1	  0.0
6.2	  0.0
6.3	  0.0
6.4	  0.0
6.5	  0.0
6.6	  0.0
6.7	  0.0
6.8	  0.0
6.9	  0.0
7.0	  0.0
7.1	  0.0
7.2	  0.0
7.3	  0.0
7.4	  0.0
7.5	  0.0
7.6	  0.0
7.7	  0.0
7.8	  0.0
7.9	  0.0
8.0	  0.0
8.1	  0.0
8.2	  0.0
8.3	  0.0
8.4	  0.0
8.5	  0.0
8.6	  0.0
8.7	  0.0
8.8	  0.0
8.9	  0.0
9.0	  0.0


