
X-Axis: Magnitude
Y-Axis: 1 Month Cumulative Number
Number of Data Sets: 9


DATASET #1

     Name: Mean
   Points: 66
     Info: 

Data[x,y]:
2.5	  21.9052
2.6	  17.4197
2.7	  13.84404
2.8	  11.00432
2.9	  8.74252
3.0	  6.94734
3.1	  5.51825
3.2	  4.37876
3.3	  3.48117
3.4	  2.76657
3.5	  2.19618
3.6	  1.74389
3.7	  1.38672
3.8	  1.10182
3.9	  0.8748
4.0	  0.69674
4.1	  0.5513
4.2	  0.43607
4.3	  0.34589
4.4	  0.27494
4.5	  0.21756
4.6	  0.17286
4.7	  0.136
4.8	  0.10726
4.9	  0.08475
5.0	  0.067
5.1	  0.05273
5.2	  0.04125
5.3	  0.03215
5.4	  0.02514
5.5	  0.01938
5.6	  0.01529
5.7	  0.01193
5.8	  0.0093
5.9	  0.00665
6.0	  0.00496
6.1	  0.00343
6.2	  0.00229
6.3	  0.00149
6.4	  0.00123
6.5	  0.0011
6.6	  8.0E-4
6.7	  6.5E-4
6.8	  5.8E-4
6.9	  5.8E-4
7.0	  5.3E-4
7.1	  3.7E-4
7.2	  1.6E-4
7.3	  1.4E-4
7.4	  1.3E-4
7.5	  1.1E-4
7.6	  9.0E-5
7.7	  6.0E-5
7.8	  1.0E-5
7.9	  0.0
8.0	  0.0
8.1	  0.0
8.2	  0.0
8.3	  0.0
8.4	  0.0
8.5	  0.0
8.6	  0.0
8.7	  0.0
8.8	  0.0
8.9	  0.0
9.0	  0.0



DATASET #2

     Name: 2.5%,97.5%
   Points: 66
     Info: 

Data[x,y]:
2.5	  6.0
2.6	  4.0
2.7	  3.0
2.8	  2.0
2.9	  1.0
3.0	  1.0
3.1	  0.0
3.2	  0.0
3.3	  0.0
3.4	  0.0
3.5	  0.0
3.6	  0.0
3.7	  0.0
3.8	  0.0
3.9	  0.0
4.0	  0.0
4.1	  0.0
4.2	  0.0
4.3	  0.0
4.4	  0.0
4.5	  0.0
4.6	  0.0
4.7	  0.0
4.8	  0.0
4.9	  0.0
5.0	  0.0
5.1	  0.0
5.2	  0.0
5.3	  0.0
5.4	  0.0
5.5	  0.0
5.6	  0.0
5.7	  0.0
5.8	  0.0
5.9	  0.0
6.0	  0.0
6.1	  0.0
6.2	  0.0
6.3	  0.0
6.4	  0.0
6.5	  0.0
6.6	  0.0
6.7	  0.0
6.8	  0.0
6.9	  0.0
7.0	  0.0
7.1	  0.0
7.2	  0.0
7.3	  0.0
7.4	  0.0
7.5	  0.0
7.6	  0.0
7.7	  0.0
7.8	  0.0
7.9	  0.0
8.0	  0.0
8.1	  0.0
8.2	  0.0
8.3	  0.0
8.4	  0.0
8.5	  0.0
8.6	  0.0
8.7	  0.0
8.8	  0.0
8.9	  0.0
9.0	  0.0



DATASET #3

     Name: null
   Points: 66
     Info: 

Data[x,y]:
2.5	  62.0
2.6	  50.0
2.7	  39.0
2.8	  32.0
2.9	  26.0
3.0	  21.0
3.1	  17.0
3.2	  14.0
3.3	  11.0
3.4	  9.0
3.5	  8.0
3.6	  7.0
3.7	  6.0
3.8	  5.0
3.9	  4.0
4.0	  3.0
4.1	  3.0
4.2	  3.0
4.3	  2.0
4.4	  2.0
4.5	  2.0
4.6	  1.0
4.7	  1.0
4.8	  1.0
4.9	  1.0
5.0	  1.0
5.1	  1.0
5.2	  1.0
5.3	  0.0
5.4	  0.0
5.5	  0.0
5.6	  0.0
5.7	  0.0
5.8	  0.0
5.9	  0.0
6.0	  0.0
6.1	  0.0
6.2	  0.0
6.3	  0.0
6.4	  0.0
6.5	  0.0
6.6	  0.0
6.7	  0.0
6.8	  0.0
6.9	  0.0
7.0	  0.0
7.1	  0.0
7.2	  0.0
7.3	  0.0
7.4	  0.0
7.5	  0.0
7.6	  0.0
7.7	  0.0
7.8	  0.0
7.9	  0.0
8.0	  0.0
8.1	  0.0
8.2	  0.0
8.3	  0.0
8.4	  0.0
8.5	  0.0
8.6	  0.0
8.7	  0.0
8.8	  0.0
8.9	  0.0
9.0	  0.0



DATASET #4

     Name: Median
   Points: 66
     Info: 

Data[x,y]:
2.5	  14.0
2.6	  11.0
2.7	  9.0
2.8	  7.0
2.9	  6.0
3.0	  4.0
3.1	  3.0
3.2	  3.0
3.3	  2.0
3.4	  2.0
3.5	  1.0
3.6	  1.0
3.7	  1.0
3.8	  0.0
3.9	  0.0
4.0	  0.0
4.1	  0.0
4.2	  0.0
4.3	  0.0
4.4	  0.0
4.5	  0.0
4.6	  0.0
4.7	  0.0
4.8	  0.0
4.9	  0.0
5.0	  0.0
5.1	  0.0
5.2	  0.0
5.3	  0.0
5.4	  0.0
5.5	  0.0
5.6	  0.0
5.7	  0.0
5.8	  0.0
5.9	  0.0
6.0	  0.0
6.1	  0.0
6.2	  0.0
6.3	  0.0
6.4	  0.0
6.5	  0.0
6.6	  0.0
6.7	  0.0
6.8	  0.0
6.9	  0.0
7.0	  0.0
7.1	  0.0
7.2	  0.0
7.3	  0.0
7.4	  0.0
7.5	  0.0
7.6	  0.0
7.7	  0.0
7.8	  0.0
7.9	  0.0
8.0	  0.0
8.1	  0.0
8.2	  0.0
8.3	  0.0
8.4	  0.0
8.5	  0.0
8.6	  0.0
8.7	  0.0
8.8	  0.0
8.9	  0.0
9.0	  0.0



DATASET #5

     Name: Mode
   Points: 66
     Info: 

Data[x,y]:
2.5	  13.0
2.6	  9.0
2.7	  7.0
2.8	  6.0
2.9	  4.0
3.0	  3.0
3.1	  3.0
3.2	  2.0
3.3	  1.0
3.4	  1.0
3.5	  1.0
3.6	  0.0
3.7	  0.0
3.8	  0.0
3.9	  0.0
4.0	  0.0
4.1	  0.0
4.2	  0.0
4.3	  0.0
4.4	  0.0
4.5	  0.0
4.6	  0.0
4.7	  0.0
4.8	  0.0
4.9	  0.0
5.0	  0.0
5.1	  0.0
5.2	  0.0
5.3	  0.0
5.4	  0.0
5.5	  0.0
5.6	  0.0
5.7	  0.0
5.8	  0.0
5.9	  0.0
6.0	  0.0
6.1	  0.0
6.2	  0.0
6.3	  0.0
6.4	  0.0
6.5	  0.0
6.6	  0.0
6.7	  0.0
6.8	  0.0
6.9	  0.0
7.0	  0.0
7.1	  0.0
7.2	  0.0
7.3	  0.0
7.4	  0.0
7.5	  0.0
7.6	  0.0
7.7	  0.0
7.8	  0.0
7.9	  0.0
8.0	  0.0
8.1	  0.0
8.2	  0.0
8.3	  0.0
8.4	  0.0
8.5	  0.0
8.6	  0.0
8.7	  0.0
8.8	  0.0
8.9	  0.0
9.0	  0.0



DATASET #6

     Name: 1 mo Prob
   Points: 66
     Info: 

Data[x,y]:
2.5	  1.0
2.6	  0.99986
2.7	  0.99898
2.8	  0.99661
2.9	  0.99027
3.0	  0.97642
3.1	  0.95058
3.2	  0.91062
3.3	  0.85766
3.4	  0.79084
3.5	  0.71769
3.6	  0.63813
3.7	  0.55927
3.8	  0.4841
3.9	  0.4135
4.0	  0.35086
4.1	  0.2934
4.2	  0.24304
4.3	  0.20054
4.4	  0.16483
4.5	  0.1344
4.6	  0.10989
4.7	  0.08888
4.8	  0.07126
4.9	  0.05745
5.0	  0.0465
5.1	  0.03726
5.2	  0.0297
5.3	  0.02375
5.4	  0.0188
5.5	  0.01465
5.6	  0.01176
5.7	  0.00936
5.8	  0.00742
5.9	  0.00535
6.0	  0.00404
6.1	  0.00282
6.2	  0.0019
6.3	  0.00127
6.4	  0.00107
6.5	  9.5E-4
6.6	  7.4E-4
6.7	  6.0E-4
6.8	  5.4E-4
6.9	  5.4E-4
7.0	  4.9E-4
7.1	  3.4E-4
7.2	  1.6E-4
7.3	  1.4E-4
7.4	  1.3E-4
7.5	  1.1E-4
7.6	  9.0E-5
7.7	  6.0E-5
7.8	  1.0E-5
7.9	  0.0
8.0	  0.0
8.1	  0.0
8.2	  0.0
8.3	  0.0
8.4	  0.0
8.5	  0.0
8.6	  0.0
8.7	  0.0
8.8	  0.0
8.9	  0.0
9.0	  0.0



DATASET #7

Name: 95% Conf
Num Points: 66
Info: 

X, Y Data:
2.5	1.0	[1.0	1.0]
2.6	0.99986	[0.9997587	0.9999203]
2.7	0.99898	[0.9987566	0.9991641]
2.8	0.99661	[0.9962249	0.9969564]
2.9	0.99027	[0.9896373	0.9908647]
3.0	0.97642	[0.97545594	0.97734725]
3.1	0.95058	[0.94921416	0.9519111]
3.2	0.91062	[0.9088309	0.9123775]
3.3	0.85766	[0.8554756	0.85981685]
3.4	0.79084	[0.788303	0.7933546]
3.5	0.71769	[0.7148868	0.72047645]
3.6	0.63813	[0.6351413	0.64110804]
3.7	0.55927	[0.5561856	0.56234986]
3.8	0.4841	[0.48099822	0.48720303]
3.9	0.4135	[0.41044608	0.4165606]
4.0	0.35086	[0.34790283	0.35382864]
4.1	0.2934	[0.2905809	0.29623502]
4.2	0.24304	[0.24038646	0.24571332]
4.3	0.20054	[0.19806482	0.20303823]
4.4	0.16483	[0.16253826	0.16714755]
4.5	0.1344	[0.13229503	0.13653313]
4.6	0.10989	[0.10796154	0.1118485]
4.7	0.08888	[0.087127015	0.09066466]
4.8	0.07126	[0.06967696	0.07287608]
4.9	0.05745	[0.056019694	0.058914423]
5.0	0.0465	[0.0452073	0.047827676]
5.1	0.03726	[0.036098838	0.038456865]
5.2	0.0297	[0.028660845	0.03077546]
5.3	0.02375	[0.022819458	0.024717325]
5.4	0.0188	[0.0179716	0.019665591]
5.5	0.01465	[0.01391887	0.015418669]
5.6	0.01176	[0.011105469	0.012452322]
5.7	0.00936	[0.008776888	0.009981123]
5.8	0.00742	[0.0069018607	0.007976339]
5.9	0.00535	[0.0049116863	0.005826737]
6.0	0.00404	[0.003660682	0.0044579064]
6.1	0.00282	[0.0025051655	0.0031736123]
6.2	0.0019	[0.0016439055	0.0021950703]
6.3	0.00127	[0.0010630253	0.0015161562]
6.4	0.00107	[8.811017E-4	0.0012981723]
6.5	9.5E-4	[7.727684E-4	0.0011665721]
6.6	7.4E-4	[5.851176E-4	9.343707E-4]
6.7	6.0E-4	[4.6183256E-4	7.7778986E-4]
6.8	5.4E-4	[4.0958758E-4	7.101062E-4]
6.9	5.4E-4	[4.0958758E-4	7.101062E-4]
7.0	4.9E-4	[3.6638364E-4	6.5337867E-4]
7.1	3.4E-4	[2.3915971E-4	4.8088527E-4]
7.2	1.6E-4	[9.4690186E-5	2.6609126E-4]
7.3	1.4E-4	[7.967705E-5	2.4126013E-4]
7.4	1.3E-4	[7.23001E-5	2.287271E-4]
7.5	1.1E-4	[5.7856672E-5	2.0338313E-4]
7.6	9.0E-5	[4.39234E-5	1.7758983E-4]
7.7	6.0E-5	[2.4390289E-5	1.377361E-4]
7.8	1.0E-5	[5.219861E-7	6.4949265E-5]
7.9	0.0	[0.0	4.7892154E-5]
8.0	0.0	[0.0	4.7892154E-5]
8.1	0.0	[0.0	4.7892154E-5]
8.2	0.0	[0.0	4.7892154E-5]
8.3	0.0	[0.0	4.7892154E-5]
8.4	0.0	[0.0	0.0]
8.5	0.0	[0.0	0.0]
8.6	0.0	[0.0	0.0]
8.7	0.0	[0.0	0.0]
8.8	0.0	[0.0	0.0]
8.9	0.0	[0.0	0.0]
9.0	0.0	[0.0	0.0]



DATASET #8

     Name: Supra
   Points: 66
     Info: 

Data[x,y]:
2.5	  8.0E-4
2.6	  8.0E-4
2.7	  8.0E-4
2.8	  8.0E-4
2.9	  8.0E-4
3.0	  8.0E-4
3.1	  8.0E-4
3.2	  8.0E-4
3.3	  8.0E-4
3.4	  8.0E-4
3.5	  8.0E-4
3.6	  8.0E-4
3.7	  8.0E-4
3.8	  8.0E-4
3.9	  8.0E-4
4.0	  8.0E-4
4.1	  8.0E-4
4.2	  8.0E-4
4.3	  8.0E-4
4.4	  8.0E-4
4.5	  8.0E-4
4.6	  8.0E-4
4.7	  8.0E-4
4.8	  8.0E-4
4.9	  8.0E-4
5.0	  8.0E-4
5.1	  8.0E-4
5.2	  8.0E-4
5.3	  8.0E-4
5.4	  8.0E-4
5.5	  8.0E-4
5.6	  8.0E-4
5.7	  8.0E-4
5.8	  8.0E-4
5.9	  8.0E-4
6.0	  8.0E-4
6.1	  7.9E-4
6.2	  7.8E-4
6.3	  6.8E-4
6.4	  6.8E-4
6.5	  6.8E-4
6.6	  6.4E-4
6.7	  5.5E-4
6.8	  4.9E-4
6.9	  4.9E-4
7.0	  4.7E-4
7.1	  3.4E-4
7.2	  1.6E-4
7.3	  1.4E-4
7.4	  1.3E-4
7.5	  1.1E-4
7.6	  9.0E-5
7.7	  6.0E-5
7.8	  1.0E-5
7.9	  0.0
8.0	  0.0
8.1	  0.0
8.2	  0.0
8.3	  0.0
8.4	  0.0
8.5	  0.0
8.6	  0.0
8.7	  0.0
8.8	  0.0
8.9	  0.0
9.0	  0.0



DATASET #9

     Name: Primary
   Points: 66
     Info: 

Data[x,y]:
2.5	  9.99607
2.6	  7.94934
2.7	  6.31765
2.8	  5.02582
2.9	  3.99211
3.0	  3.17057
3.1	  2.51998
3.2	  2.00043
3.3	  1.59216
3.4	  1.26438
3.5	  1.00401
3.6	  0.7968
3.7	  0.63374
3.8	  0.50403
3.9	  0.40089
4.0	  0.31938
4.1	  0.25282
4.2	  0.19951
4.3	  0.15751
4.4	  0.12518
4.5	  0.09897
4.6	  0.07793
4.7	  0.06113
4.8	  0.04811
4.9	  0.03796
5.0	  0.0304
5.1	  0.0239
5.2	  0.01879
5.3	  0.01477
5.4	  0.01158
5.5	  0.00895
5.6	  0.00707
5.7	  0.00555
5.8	  0.00433
5.9	  0.00302
6.0	  0.00221
6.1	  0.0015
6.2	  9.5E-4
6.3	  5.9E-4
6.4	  4.6E-4
6.5	  4.0E-4
6.6	  3.3E-4
6.7	  2.7E-4
6.8	  2.4E-4
6.9	  2.4E-4
7.0	  2.3E-4
7.1	  1.7E-4
7.2	  6.0E-5
7.3	  5.0E-5
7.4	  4.0E-5
7.5	  4.0E-5
7.6	  4.0E-5
7.7	  3.0E-5
7.8	  0.0
7.9	  0.0
8.0	  0.0
8.1	  0.0
8.2	  0.0
8.3	  0.0
8.4	  0.0
8.5	  0.0
8.6	  0.0
8.7	  0.0
8.8	  0.0
8.9	  0.0
9.0	  0.0


