
X-Axis: Magnitude
Y-Axis: 1 Week Cumulative Number
Number of Data Sets: 9


DATASET #1

     Name: Mean
   Points: 66
     Info: 

Data[x,y]:
2.5	  14.77212
2.6	  11.75002
2.7	  9.33829
2.8	  7.42506
2.9	  5.89691
3.0	  4.68327
3.1	  3.72136
3.2	  2.95389
3.3	  2.34782
3.4	  1.86678
3.5	  1.48142
3.6	  1.17489
3.7	  0.93421
3.8	  0.7431
3.9	  0.59022
4.0	  0.47127
4.1	  0.37355
4.2	  0.29552
4.3	  0.23426
4.4	  0.18661
4.5	  0.14768
4.6	  0.11722
4.7	  0.0923
4.8	  0.07315
4.9	  0.05808
5.0	  0.04595
5.1	  0.03625
5.2	  0.02824
5.3	  0.02184
5.4	  0.01687
5.5	  0.01306
5.6	  0.01028
5.7	  0.00796
5.8	  0.00618
5.9	  0.00431
6.0	  0.00325
6.1	  0.00218
6.2	  0.00141
6.3	  9.8E-4
6.4	  8.4E-4
6.5	  7.6E-4
6.6	  5.6E-4
6.7	  4.3E-4
6.8	  3.7E-4
6.9	  3.7E-4
7.0	  3.6E-4
7.1	  2.5E-4
7.2	  1.1E-4
7.3	  9.0E-5
7.4	  8.0E-5
7.5	  8.0E-5
7.6	  7.0E-5
7.7	  6.0E-5
7.8	  1.0E-5
7.9	  0.0
8.0	  0.0
8.1	  0.0
8.2	  0.0
8.3	  0.0
8.4	  0.0
8.5	  0.0
8.6	  0.0
8.7	  0.0
8.8	  0.0
8.9	  0.0
9.0	  0.0



DATASET #2

     Name: 2.5%,97.5%
   Points: 66
     Info: 

Data[x,y]:
2.5	  3.0
2.6	  2.0
2.7	  1.0
2.8	  1.0
2.9	  0.0
3.0	  0.0
3.1	  0.0
3.2	  0.0
3.3	  0.0
3.4	  0.0
3.5	  0.0
3.6	  0.0
3.7	  0.0
3.8	  0.0
3.9	  0.0
4.0	  0.0
4.1	  0.0
4.2	  0.0
4.3	  0.0
4.4	  0.0
4.5	  0.0
4.6	  0.0
4.7	  0.0
4.8	  0.0
4.9	  0.0
5.0	  0.0
5.1	  0.0
5.2	  0.0
5.3	  0.0
5.4	  0.0
5.5	  0.0
5.6	  0.0
5.7	  0.0
5.8	  0.0
5.9	  0.0
6.0	  0.0
6.1	  0.0
6.2	  0.0
6.3	  0.0
6.4	  0.0
6.5	  0.0
6.6	  0.0
6.7	  0.0
6.8	  0.0
6.9	  0.0
7.0	  0.0
7.1	  0.0
7.2	  0.0
7.3	  0.0
7.4	  0.0
7.5	  0.0
7.6	  0.0
7.7	  0.0
7.8	  0.0
7.9	  0.0
8.0	  0.0
8.1	  0.0
8.2	  0.0
8.3	  0.0
8.4	  0.0
8.5	  0.0
8.6	  0.0
8.7	  0.0
8.8	  0.0
8.9	  0.0
9.0	  0.0



DATASET #3

     Name: null
   Points: 66
     Info: 

Data[x,y]:
2.5	  40.0
2.6	  32.0
2.7	  26.0
2.8	  21.0
2.9	  17.0
3.0	  14.0
3.1	  11.0
3.2	  9.0
3.3	  8.0
3.4	  7.0
3.5	  6.0
3.6	  5.0
3.7	  4.0
3.8	  3.0
3.9	  3.0
4.0	  3.0
4.1	  2.0
4.2	  2.0
4.3	  2.0
4.4	  2.0
4.5	  1.0
4.6	  1.0
4.7	  1.0
4.8	  1.0
4.9	  1.0
5.0	  1.0
5.1	  1.0
5.2	  0.0
5.3	  0.0
5.4	  0.0
5.5	  0.0
5.6	  0.0
5.7	  0.0
5.8	  0.0
5.9	  0.0
6.0	  0.0
6.1	  0.0
6.2	  0.0
6.3	  0.0
6.4	  0.0
6.5	  0.0
6.6	  0.0
6.7	  0.0
6.8	  0.0
6.9	  0.0
7.0	  0.0
7.1	  0.0
7.2	  0.0
7.3	  0.0
7.4	  0.0
7.5	  0.0
7.6	  0.0
7.7	  0.0
7.8	  0.0
7.9	  0.0
8.0	  0.0
8.1	  0.0
8.2	  0.0
8.3	  0.0
8.4	  0.0
8.5	  0.0
8.6	  0.0
8.7	  0.0
8.8	  0.0
8.9	  0.0
9.0	  0.0



DATASET #4

     Name: Median
   Points: 66
     Info: 

Data[x,y]:
2.5	  10.0
2.6	  8.0
2.7	  6.0
2.8	  5.0
2.9	  4.0
3.0	  3.0
3.1	  2.0
3.2	  2.0
3.3	  1.0
3.4	  1.0
3.5	  1.0
3.6	  1.0
3.7	  0.0
3.8	  0.0
3.9	  0.0
4.0	  0.0
4.1	  0.0
4.2	  0.0
4.3	  0.0
4.4	  0.0
4.5	  0.0
4.6	  0.0
4.7	  0.0
4.8	  0.0
4.9	  0.0
5.0	  0.0
5.1	  0.0
5.2	  0.0
5.3	  0.0
5.4	  0.0
5.5	  0.0
5.6	  0.0
5.7	  0.0
5.8	  0.0
5.9	  0.0
6.0	  0.0
6.1	  0.0
6.2	  0.0
6.3	  0.0
6.4	  0.0
6.5	  0.0
6.6	  0.0
6.7	  0.0
6.8	  0.0
6.9	  0.0
7.0	  0.0
7.1	  0.0
7.2	  0.0
7.3	  0.0
7.4	  0.0
7.5	  0.0
7.6	  0.0
7.7	  0.0
7.8	  0.0
7.9	  0.0
8.0	  0.0
8.1	  0.0
8.2	  0.0
8.3	  0.0
8.4	  0.0
8.5	  0.0
8.6	  0.0
8.7	  0.0
8.8	  0.0
8.9	  0.0
9.0	  0.0



DATASET #5

     Name: Mode
   Points: 66
     Info: 

Data[x,y]:
2.5	  9.0
2.6	  7.0
2.7	  5.0
2.8	  4.0
2.9	  3.0
3.0	  2.0
3.1	  2.0
3.2	  1.0
3.3	  1.0
3.4	  0.0
3.5	  0.0
3.6	  0.0
3.7	  0.0
3.8	  0.0
3.9	  0.0
4.0	  0.0
4.1	  0.0
4.2	  0.0
4.3	  0.0
4.4	  0.0
4.5	  0.0
4.6	  0.0
4.7	  0.0
4.8	  0.0
4.9	  0.0
5.0	  0.0
5.1	  0.0
5.2	  0.0
5.3	  0.0
5.4	  0.0
5.5	  0.0
5.6	  0.0
5.7	  0.0
5.8	  0.0
5.9	  0.0
6.0	  0.0
6.1	  0.0
6.2	  0.0
6.3	  0.0
6.4	  0.0
6.5	  0.0
6.6	  0.0
6.7	  0.0
6.8	  0.0
6.9	  0.0
7.0	  0.0
7.1	  0.0
7.2	  0.0
7.3	  0.0
7.4	  0.0
7.5	  0.0
7.6	  0.0
7.7	  0.0
7.8	  0.0
7.9	  0.0
8.0	  0.0
8.1	  0.0
8.2	  0.0
8.3	  0.0
8.4	  0.0
8.5	  0.0
8.6	  0.0
8.7	  0.0
8.8	  0.0
8.9	  0.0
9.0	  0.0



DATASET #6

     Name: 1 wk Prob
   Points: 66
     Info: 

Data[x,y]:
2.5	  0.99969
2.6	  0.99864
2.7	  0.9948
2.8	  0.98548
2.9	  0.96676
3.0	  0.93629
3.1	  0.89118
3.2	  0.83164
3.3	  0.76198
3.4	  0.68485
3.5	  0.60611
3.6	  0.5261
3.7	  0.45219
3.8	  0.38486
3.9	  0.32347
4.0	  0.2714
4.1	  0.22501
4.2	  0.18464
4.3	  0.15124
4.4	  0.1235
4.5	  0.10002
4.6	  0.08139
4.7	  0.06551
4.8	  0.05263
4.9	  0.04236
5.0	  0.03425
5.1	  0.02735
5.2	  0.02168
5.3	  0.01719
5.4	  0.01347
5.5	  0.01052
5.6	  0.00836
5.7	  0.00662
5.8	  0.00519
5.9	  0.00361
6.0	  0.00275
6.1	  0.00187
6.2	  0.00121
6.3	  8.7E-4
6.4	  7.6E-4
6.5	  6.8E-4
6.6	  5.2E-4
6.7	  4.0E-4
6.8	  3.4E-4
6.9	  3.4E-4
7.0	  3.3E-4
7.1	  2.3E-4
7.2	  1.1E-4
7.3	  9.0E-5
7.4	  8.0E-5
7.5	  8.0E-5
7.6	  7.0E-5
7.7	  6.0E-5
7.8	  1.0E-5
7.9	  0.0
8.0	  0.0
8.1	  0.0
8.2	  0.0
8.3	  0.0
8.4	  0.0
8.5	  0.0
8.6	  0.0
8.7	  0.0
8.8	  0.0
8.9	  0.0
9.0	  0.0



DATASET #7

Name: 95% Conf
Num Points: 66
Info: 

X, Y Data:
2.5	0.99969	[0.99955416	0.9997857]
2.6	0.99864	[0.9983862	0.99885464]
2.7	0.9948	[0.9943296	0.995232]
2.8	0.98548	[0.98471457	0.98620784]
2.9	0.96676	[0.96562576	0.9678582]
3.0	0.93629	[0.9347543	0.93779206]
3.1	0.89118	[0.8892298	0.89310014]
3.2	0.83164	[0.829303	0.8339515]
3.3	0.76198	[0.7593254	0.76461446]
3.4	0.68485	[0.68195844	0.68772733]
3.5	0.60611	[0.6030725	0.6091393]
3.6	0.5261	[0.5229992	0.52919877]
3.7	0.45219	[0.44910207	0.45528162]
3.8	0.38486	[0.38184375	0.38788512]
3.9	0.32347	[0.32057238	0.3263812]
4.0	0.2714	[0.26864767	0.27416992]
4.1	0.22501	[0.22242737	0.22761379]
4.2	0.18464	[0.18224227	0.18706201]
4.3	0.15124	[0.14902776	0.15347908]
4.4	0.1235	[0.12147026	0.12555873]
4.5	0.10002	[0.098170795	0.10190002]
4.6	0.08139	[0.079706326	0.08310593]
4.7	0.06551	[0.063988134	0.06706535]
4.8	0.05263	[0.05125818	0.054036316]
4.9	0.04236	[0.041124206	0.043631095]
5.0	0.03425	[0.033135604	0.03540034]
5.1	0.02735	[0.026352191	0.028384302]
5.2	0.02168	[0.020790642	0.02260631]
5.3	0.01719	[0.016397847	0.018019477]
5.4	0.01347	[0.012769102	0.014208539]
5.5	0.01052	[0.009901321	0.011176583]
5.6	0.00836	[0.0078094145	0.008948692]
5.7	0.00662	[0.0061311703	0.0071471124]
5.8	0.00519	[0.004758466	0.0056599765]
5.9	0.00361	[0.0032521163	0.0040065334]
6.0	0.00275	[0.0024392584	0.0030995323]
6.1	0.00187	[0.0016160393	0.0021629443]
6.2	0.00121	[0.0010082886	0.0014509186]
6.3	8.7E-4	[7.0095976E-4	0.0010784314]
6.4	7.6E-4	[6.0286315E-4	9.566088E-4]
6.5	6.8E-4	[5.320696E-4	8.6747156E-4]
6.6	5.2E-4	[3.922669E-4	6.874532E-4]
6.7	4.0E-4	[2.8954828E-4	5.503658E-4]
6.8	3.4E-4	[2.3915971E-4	4.8088527E-4]
6.9	3.4E-4	[2.3915971E-4	4.8088527E-4]
7.0	3.3E-4	[2.308409E-4	4.6922907E-4]
7.1	2.3E-4	[1.4927807E-4	3.511202E-4]
7.2	1.1E-4	[5.7856672E-5	2.0338313E-4]
7.3	9.0E-5	[4.39234E-5	1.7758983E-4]
7.4	8.0E-5	[3.7198402E-5	1.6448459E-4]
7.5	8.0E-5	[3.7198402E-5	1.6448459E-4]
7.6	7.0E-5	[3.0673422E-5	1.5121036E-4]
7.7	6.0E-5	[2.4390289E-5	1.377361E-4]
7.8	1.0E-5	[5.219861E-7	6.4949265E-5]
7.9	0.0	[0.0	4.7892154E-5]
8.0	0.0	[0.0	4.7892154E-5]
8.1	0.0	[0.0	4.7892154E-5]
8.2	0.0	[0.0	4.7892154E-5]
8.3	0.0	[0.0	4.7892154E-5]
8.4	0.0	[0.0	0.0]
8.5	0.0	[0.0	0.0]
8.6	0.0	[0.0	0.0]
8.7	0.0	[0.0	0.0]
8.8	0.0	[0.0	0.0]
8.9	0.0	[0.0	0.0]
9.0	0.0	[0.0	0.0]



DATASET #8

     Name: Supra
   Points: 66
     Info: 

Data[x,y]:
2.5	  5.2E-4
2.6	  5.2E-4
2.7	  5.2E-4
2.8	  5.2E-4
2.9	  5.2E-4
3.0	  5.2E-4
3.1	  5.2E-4
3.2	  5.2E-4
3.3	  5.2E-4
3.4	  5.2E-4
3.5	  5.2E-4
3.6	  5.2E-4
3.7	  5.2E-4
3.8	  5.2E-4
3.9	  5.2E-4
4.0	  5.2E-4
4.1	  5.2E-4
4.2	  5.2E-4
4.3	  5.2E-4
4.4	  5.2E-4
4.5	  5.2E-4
4.6	  5.2E-4
4.7	  5.2E-4
4.8	  5.2E-4
4.9	  5.2E-4
5.0	  5.2E-4
5.1	  5.2E-4
5.2	  5.2E-4
5.3	  5.2E-4
5.4	  5.2E-4
5.5	  5.2E-4
5.6	  5.2E-4
5.7	  5.2E-4
5.8	  5.2E-4
5.9	  5.2E-4
6.0	  5.2E-4
6.1	  5.2E-4
6.2	  5.1E-4
6.3	  4.6E-4
6.4	  4.6E-4
6.5	  4.6E-4
6.6	  4.4E-4
6.7	  3.7E-4
6.8	  3.2E-4
6.9	  3.2E-4
7.0	  3.1E-4
7.1	  2.3E-4
7.2	  1.1E-4
7.3	  9.0E-5
7.4	  8.0E-5
7.5	  8.0E-5
7.6	  7.0E-5
7.7	  6.0E-5
7.8	  1.0E-5
7.9	  0.0
8.0	  0.0
8.1	  0.0
8.2	  0.0
8.3	  0.0
8.4	  0.0
8.5	  0.0
8.6	  0.0
8.7	  0.0
8.8	  0.0
8.9	  0.0
9.0	  0.0



DATASET #9

     Name: Primary
   Points: 66
     Info: 

Data[x,y]:
2.5	  7.36949
2.6	  5.86011
2.7	  4.65642
2.8	  3.70567
2.9	  2.94312
3.0	  2.3367
3.1	  1.85795
3.2	  1.47553
3.3	  1.17492
3.4	  0.933
3.5	  0.74081
3.6	  0.58706
3.7	  0.46687
3.8	  0.37164
3.9	  0.29576
4.0	  0.23679
4.1	  0.18827
4.2	  0.14822
4.3	  0.11725
4.4	  0.09364
4.5	  0.07382
4.6	  0.05813
4.7	  0.04573
4.8	  0.03621
4.9	  0.02871
5.0	  0.02304
5.1	  0.0182
5.2	  0.01427
5.3	  0.01113
5.4	  0.0086
5.5	  0.00661
5.6	  0.0052
5.7	  0.00404
5.8	  0.00317
5.9	  0.00216
6.0	  0.00159
6.1	  0.00106
6.2	  6.5E-4
6.3	  4.4E-4
6.4	  3.7E-4
6.5	  3.1E-4
6.6	  2.6E-4
6.7	  2.0E-4
6.8	  1.7E-4
6.9	  1.7E-4
7.0	  1.6E-4
7.1	  1.3E-4
7.2	  6.0E-5
7.3	  5.0E-5
7.4	  4.0E-5
7.5	  4.0E-5
7.6	  4.0E-5
7.7	  3.0E-5
7.8	  0.0
7.9	  0.0
8.0	  0.0
8.1	  0.0
8.2	  0.0
8.3	  0.0
8.4	  0.0
8.5	  0.0
8.6	  0.0
8.7	  0.0
8.8	  0.0
8.9	  0.0
9.0	  0.0


