
X-Axis: Magnitude
Y-Axis: 1 Year Cumulative Number
Number of Data Sets: 9


DATASET #1

     Name: Mean
   Points: 66
     Info: 

Data[x,y]:
2.5	  13.63194
2.6	  10.84655
2.7	  8.62118
2.8	  6.85531
2.9	  5.45065
3.0	  4.33538
3.1	  3.44464
3.2	  2.73633
3.3	  2.17181
3.4	  1.72393
3.5	  1.36935
3.6	  1.08913
3.7	  0.86562
3.8	  0.68669
3.9	  0.54481
4.0	  0.43322
4.1	  0.34453
4.2	  0.27247
4.3	  0.21542
4.4	  0.17075
4.5	  0.13585
4.6	  0.10739
4.7	  0.08529
4.8	  0.06763
4.9	  0.05355
5.0	  0.04185
5.1	  0.03252
5.2	  0.02567
5.3	  0.01996
5.4	  0.01555
5.5	  0.01209
5.6	  0.00913
5.7	  0.00694
5.8	  0.00523
5.9	  0.00372
6.0	  0.00264
6.1	  0.00186
6.2	  0.00126
6.3	  8.3E-4
6.4	  7.5E-4
6.5	  5.7E-4
6.6	  4.5E-4
6.7	  3.8E-4
6.8	  2.8E-4
6.9	  2.8E-4
7.0	  2.6E-4
7.1	  2.2E-4
7.2	  1.4E-4
7.3	  1.4E-4
7.4	  1.2E-4
7.5	  1.1E-4
7.6	  9.0E-5
7.7	  6.0E-5
7.8	  1.0E-5
7.9	  1.0E-5
8.0	  0.0
8.1	  0.0
8.2	  0.0
8.3	  0.0
8.4	  0.0
8.5	  0.0
8.6	  0.0
8.7	  0.0
8.8	  0.0
8.9	  0.0
9.0	  0.0



DATASET #2

     Name: 2.5%,97.5%
   Points: 66
     Info: 

Data[x,y]:
2.5	  0.0
2.6	  0.0
2.7	  0.0
2.8	  0.0
2.9	  0.0
3.0	  0.0
3.1	  0.0
3.2	  0.0
3.3	  0.0
3.4	  0.0
3.5	  0.0
3.6	  0.0
3.7	  0.0
3.8	  0.0
3.9	  0.0
4.0	  0.0
4.1	  0.0
4.2	  0.0
4.3	  0.0
4.4	  0.0
4.5	  0.0
4.6	  0.0
4.7	  0.0
4.8	  0.0
4.9	  0.0
5.0	  0.0
5.1	  0.0
5.2	  0.0
5.3	  0.0
5.4	  0.0
5.5	  0.0
5.6	  0.0
5.7	  0.0
5.8	  0.0
5.9	  0.0
6.0	  0.0
6.1	  0.0
6.2	  0.0
6.3	  0.0
6.4	  0.0
6.5	  0.0
6.6	  0.0
6.7	  0.0
6.8	  0.0
6.9	  0.0
7.0	  0.0
7.1	  0.0
7.2	  0.0
7.3	  0.0
7.4	  0.0
7.5	  0.0
7.6	  0.0
7.7	  0.0
7.8	  0.0
7.9	  0.0
8.0	  0.0
8.1	  0.0
8.2	  0.0
8.3	  0.0
8.4	  0.0
8.5	  0.0
8.6	  0.0
8.7	  0.0
8.8	  0.0
8.9	  0.0
9.0	  0.0



DATASET #3

     Name: null
   Points: 66
     Info: 

Data[x,y]:
2.5	  59.0
2.6	  47.0
2.7	  37.0
2.8	  30.0
2.9	  24.0
3.0	  19.0
3.1	  16.0
3.2	  13.0
3.3	  10.0
3.4	  8.0
3.5	  7.0
3.6	  6.0
3.7	  5.0
3.8	  4.0
3.9	  3.0
4.0	  3.0
4.1	  2.0
4.2	  2.0
4.3	  2.0
4.4	  1.0
4.5	  1.0
4.6	  1.0
4.7	  1.0
4.8	  1.0
4.9	  1.0
5.0	  0.0
5.1	  0.0
5.2	  0.0
5.3	  0.0
5.4	  0.0
5.5	  0.0
5.6	  0.0
5.7	  0.0
5.8	  0.0
5.9	  0.0
6.0	  0.0
6.1	  0.0
6.2	  0.0
6.3	  0.0
6.4	  0.0
6.5	  0.0
6.6	  0.0
6.7	  0.0
6.8	  0.0
6.9	  0.0
7.0	  0.0
7.1	  0.0
7.2	  0.0
7.3	  0.0
7.4	  0.0
7.5	  0.0
7.6	  0.0
7.7	  0.0
7.8	  0.0
7.9	  0.0
8.0	  0.0
8.1	  0.0
8.2	  0.0
8.3	  0.0
8.4	  0.0
8.5	  0.0
8.6	  0.0
8.7	  0.0
8.8	  0.0
8.9	  0.0
9.0	  0.0



DATASET #4

     Name: Median
   Points: 66
     Info: 

Data[x,y]:
2.5	  3.0
2.6	  3.0
2.7	  2.0
2.8	  2.0
2.9	  1.0
3.0	  1.0
3.1	  1.0
3.2	  0.0
3.3	  0.0
3.4	  0.0
3.5	  0.0
3.6	  0.0
3.7	  0.0
3.8	  0.0
3.9	  0.0
4.0	  0.0
4.1	  0.0
4.2	  0.0
4.3	  0.0
4.4	  0.0
4.5	  0.0
4.6	  0.0
4.7	  0.0
4.8	  0.0
4.9	  0.0
5.0	  0.0
5.1	  0.0
5.2	  0.0
5.3	  0.0
5.4	  0.0
5.5	  0.0
5.6	  0.0
5.7	  0.0
5.8	  0.0
5.9	  0.0
6.0	  0.0
6.1	  0.0
6.2	  0.0
6.3	  0.0
6.4	  0.0
6.5	  0.0
6.6	  0.0
6.7	  0.0
6.8	  0.0
6.9	  0.0
7.0	  0.0
7.1	  0.0
7.2	  0.0
7.3	  0.0
7.4	  0.0
7.5	  0.0
7.6	  0.0
7.7	  0.0
7.8	  0.0
7.9	  0.0
8.0	  0.0
8.1	  0.0
8.2	  0.0
8.3	  0.0
8.4	  0.0
8.5	  0.0
8.6	  0.0
8.7	  0.0
8.8	  0.0
8.9	  0.0
9.0	  0.0



DATASET #5

     Name: Mode
   Points: 66
     Info: 

Data[x,y]:
2.5	  0.0
2.6	  0.0
2.7	  0.0
2.8	  0.0
2.9	  0.0
3.0	  0.0
3.1	  0.0
3.2	  0.0
3.3	  0.0
3.4	  0.0
3.5	  0.0
3.6	  0.0
3.7	  0.0
3.8	  0.0
3.9	  0.0
4.0	  0.0
4.1	  0.0
4.2	  0.0
4.3	  0.0
4.4	  0.0
4.5	  0.0
4.6	  0.0
4.7	  0.0
4.8	  0.0
4.9	  0.0
5.0	  0.0
5.1	  0.0
5.2	  0.0
5.3	  0.0
5.4	  0.0
5.5	  0.0
5.6	  0.0
5.7	  0.0
5.8	  0.0
5.9	  0.0
6.0	  0.0
6.1	  0.0
6.2	  0.0
6.3	  0.0
6.4	  0.0
6.5	  0.0
6.6	  0.0
6.7	  0.0
6.8	  0.0
6.9	  0.0
7.0	  0.0
7.1	  0.0
7.2	  0.0
7.3	  0.0
7.4	  0.0
7.5	  0.0
7.6	  0.0
7.7	  0.0
7.8	  0.0
7.9	  0.0
8.0	  0.0
8.1	  0.0
8.2	  0.0
8.3	  0.0
8.4	  0.0
8.5	  0.0
8.6	  0.0
8.7	  0.0
8.8	  0.0
8.9	  0.0
9.0	  0.0



DATASET #6

     Name: 1 yr Prob
   Points: 66
     Info: 

Data[x,y]:
2.5	  0.82819
2.6	  0.78878
2.7	  0.74482
2.8	  0.69803
2.9	  0.64665
3.0	  0.59537
3.1	  0.54139
3.2	  0.48771
3.3	  0.43589
3.4	  0.38544
3.5	  0.3385
3.6	  0.29589
3.7	  0.25609
3.8	  0.21914
3.9	  0.18674
4.0	  0.15845
4.1	  0.13411
4.2	  0.11232
4.3	  0.09383
4.4	  0.07848
4.5	  0.06513
4.6	  0.05322
4.7	  0.04388
4.8	  0.03628
4.9	  0.02977
5.0	  0.0244
5.1	  0.01947
5.2	  0.0159
5.3	  0.01295
5.4	  0.01035
5.5	  0.00826
5.6	  0.00646
5.7	  0.00494
5.8	  0.00383
5.9	  0.00283
6.0	  0.00201
6.1	  0.00143
6.2	  0.00101
6.3	  7.1E-4
6.4	  6.4E-4
6.5	  5.0E-4
6.6	  4.0E-4
6.7	  3.4E-4
6.8	  2.6E-4
6.9	  2.6E-4
7.0	  2.5E-4
7.1	  2.1E-4
7.2	  1.4E-4
7.3	  1.4E-4
7.4	  1.2E-4
7.5	  1.1E-4
7.6	  9.0E-5
7.7	  6.0E-5
7.8	  1.0E-5
7.9	  1.0E-5
8.0	  0.0
8.1	  0.0
8.2	  0.0
8.3	  0.0
8.4	  0.0
8.5	  0.0
8.6	  0.0
8.7	  0.0
8.8	  0.0
8.9	  0.0
9.0	  0.0



DATASET #7

Name: 95% Conf
Num Points: 66
Info: 

X, Y Data:
2.5	0.82819	[0.8258344	0.83052033]
2.6	0.78878	[0.786234	0.79130375]
2.7	0.74482	[0.7421035	0.74751765]
2.8	0.69803	[0.69517183	0.70087296]
2.9	0.64665	[0.6436767	0.64961207]
3.0	0.59537	[0.59231925	0.5984134]
3.1	0.54139	[0.5382951	0.54448175]
3.2	0.48771	[0.48460743	0.49081352]
3.3	0.43589	[0.43281406	0.43897086]
3.4	0.38544	[0.38242286	0.38846594]
3.5	0.3385	[0.33556834	0.34144408]
3.6	0.29589	[0.29306385	0.29873186]
3.7	0.25609	[0.25338915	0.25880963]
3.8	0.21914	[0.21658193	0.2217197]
3.9	0.18674	[0.18433167	0.18917245]
4.0	0.15845	[0.15619485	0.16073145]
4.1	0.13411	[0.13200696	0.13624121]
4.2	0.11232	[0.11037281	0.11429705]
4.3	0.09383	[0.092033304	0.09565798]
4.4	0.07848	[0.076824374	0.080168106]
4.5	0.06513	[0.0636123	0.06668123]
4.6	0.05322	[0.051840853	0.054633595]
4.7	0.04388	[0.042622957	0.045172226]
4.8	0.03628	[0.035133824	0.037461955]
4.9	0.02977	[0.02872964	0.03084666]
5.0	0.0244	[0.023456926	0.025379805]
5.1	0.01947	[0.018627	0.020350136]
5.2	0.0159	[0.0151382005	0.016699232]
5.3	0.01295	[0.012262861	0.013674825]
5.4	0.01035	[0.009736402	0.011001517]
5.5	0.00826	[0.0077127744	0.008845342]
5.6	0.00646	[0.0059772455	0.0069810543]
5.7	0.00494	[0.0045192745	0.005399198]
5.8	0.00383	[0.003460998	0.0042376197]
5.9	0.00283	[0.0025145852	0.003184191]
6.0	0.00201	[0.0017462226	0.002312725]
6.1	0.00143	[0.0012095688	0.0016895508]
6.2	0.00101	[8.268485E-4	0.0012324575]
6.3	7.1E-4	[5.5855705E-4	9.009569E-4]
6.4	6.4E-4	[4.9687515E-4	8.2270487E-4]
6.5	5.0E-4	[3.7499785E-4	6.6475E-4]
6.6	4.0E-4	[2.8954828E-4	5.503658E-4]
6.7	3.4E-4	[2.3915971E-4	4.8088527E-4]
6.8	2.6E-4	[1.7339196E-4	3.8688924E-4]
6.9	2.6E-4	[1.7339196E-4	3.8688924E-4]
7.0	2.5E-4	[1.6531504E-4	3.7500297E-4]
7.1	2.1E-4	[1.3341404E-4	3.27075E-4]
7.2	1.4E-4	[7.967705E-5	2.4126013E-4]
7.3	1.4E-4	[7.967705E-5	2.4126013E-4]
7.4	1.2E-4	[6.502256E-5	2.1610482E-4]
7.5	1.1E-4	[5.7856672E-5	2.0338313E-4]
7.6	9.0E-5	[4.39234E-5	1.7758983E-4]
7.7	6.0E-5	[2.4390289E-5	1.377361E-4]
7.8	1.0E-5	[5.219861E-7	6.4949265E-5]
7.9	1.0E-5	[5.219861E-7	6.4949265E-5]
8.0	0.0	[0.0	4.7892154E-5]
8.1	0.0	[0.0	4.7892154E-5]
8.2	0.0	[0.0	4.7892154E-5]
8.3	0.0	[0.0	4.7892154E-5]
8.4	0.0	[0.0	0.0]
8.5	0.0	[0.0	0.0]
8.6	0.0	[0.0	0.0]
8.7	0.0	[0.0	0.0]
8.8	0.0	[0.0	0.0]
8.9	0.0	[0.0	0.0]
9.0	0.0	[0.0	0.0]



DATASET #8

     Name: Supra
   Points: 66
     Info: 

Data[x,y]:
2.5	  4.1E-4
2.6	  4.1E-4
2.7	  4.1E-4
2.8	  4.1E-4
2.9	  4.1E-4
3.0	  4.1E-4
3.1	  4.1E-4
3.2	  4.1E-4
3.3	  4.1E-4
3.4	  4.1E-4
3.5	  4.1E-4
3.6	  4.1E-4
3.7	  4.1E-4
3.8	  4.1E-4
3.9	  4.1E-4
4.0	  4.1E-4
4.1	  4.1E-4
4.2	  4.1E-4
4.3	  4.1E-4
4.4	  4.1E-4
4.5	  4.1E-4
4.6	  4.1E-4
4.7	  4.1E-4
4.8	  4.1E-4
4.9	  4.1E-4
5.0	  4.1E-4
5.1	  4.1E-4
5.2	  4.1E-4
5.3	  4.1E-4
5.4	  4.1E-4
5.5	  4.1E-4
5.6	  4.1E-4
5.7	  4.1E-4
5.8	  4.1E-4
5.9	  4.1E-4
6.0	  4.1E-4
6.1	  4.1E-4
6.2	  4.1E-4
6.3	  4.1E-4
6.4	  4.1E-4
6.5	  3.9E-4
6.6	  3.8E-4
6.7	  3.2E-4
6.8	  2.5E-4
6.9	  2.5E-4
7.0	  2.4E-4
7.1	  2.1E-4
7.2	  1.4E-4
7.3	  1.4E-4
7.4	  1.2E-4
7.5	  1.1E-4
7.6	  9.0E-5
7.7	  6.0E-5
7.8	  1.0E-5
7.9	  1.0E-5
8.0	  0.0
8.1	  0.0
8.2	  0.0
8.3	  0.0
8.4	  0.0
8.5	  0.0
8.6	  0.0
8.7	  0.0
8.8	  0.0
8.9	  0.0
9.0	  0.0



DATASET #9

     Name: Primary
   Points: 66
     Info: 

Data[x,y]:
2.5	  3.71666
2.6	  2.95753
2.7	  2.34899
2.8	  1.86911
2.9	  1.48567
3.0	  1.18242
3.1	  0.93985
3.2	  0.74717
3.3	  0.59375
3.4	  0.46999
3.5	  0.37242
3.6	  0.29665
3.7	  0.23637
3.8	  0.18745
3.9	  0.14871
4.0	  0.11891
4.1	  0.09462
4.2	  0.07503
4.3	  0.05929
4.4	  0.04735
4.5	  0.03749
4.6	  0.02947
4.7	  0.02342
4.8	  0.01854
4.9	  0.01459
5.0	  0.01172
5.1	  0.00903
5.2	  0.0073
5.3	  0.00574
5.4	  0.00452
5.5	  0.00351
5.6	  0.00262
5.7	  0.00186
5.8	  0.00136
5.9	  8.9E-4
6.0	  6.2E-4
6.1	  4.5E-4
6.2	  3.1E-4
6.3	  2.1E-4
6.4	  1.9E-4
6.5	  1.4E-4
6.6	  1.2E-4
6.7	  1.1E-4
6.8	  1.0E-4
6.9	  1.0E-4
7.0	  1.0E-4
7.1	  9.0E-5
7.2	  5.0E-5
7.3	  5.0E-5
7.4	  5.0E-5
7.5	  4.0E-5
7.6	  2.0E-5
7.7	  1.0E-5
7.8	  0.0
7.9	  0.0
8.0	  0.0
8.1	  0.0
8.2	  0.0
8.3	  0.0
8.4	  0.0
8.5	  0.0
8.6	  0.0
8.7	  0.0
8.8	  0.0
8.9	  0.0
9.0	  0.0


