
X-Axis: Magnitude
Y-Axis: 1 Month Cumulative Number
Number of Data Sets: 9


DATASET #1

     Name: Mean
   Points: 66
     Info: 

Data[x,y]:
2.5	  10.95883
2.6	  8.70268
2.7	  6.91287
2.8	  5.48766
2.9	  4.36005
3.0	  3.46356
3.1	  2.74879
3.2	  2.19174
3.3	  1.74233
3.4	  1.38613
3.5	  1.10005
3.6	  0.87413
3.7	  0.69506
3.8	  0.55243
3.9	  0.43896
4.0	  0.34902
4.1	  0.27583
4.2	  0.21929
4.3	  0.1742
4.4	  0.13894
4.5	  0.11077
4.6	  0.08794
4.7	  0.06964
4.8	  0.05584
4.9	  0.04373
5.0	  0.03414
5.1	  0.02714
5.2	  0.02153
5.3	  0.01703
5.4	  0.01358
5.5	  0.01084
5.6	  0.00872
5.7	  0.00672
5.8	  0.00533
5.9	  0.00429
6.0	  0.00349
6.1	  0.00293
6.2	  0.00276
6.3	  0.00266
6.4	  0.00261
6.5	  0.00259
6.6	  0.0025
6.7	  0.0024
6.8	  0.00228
6.9	  0.00169
7.0	  0.00117
7.1	  6.0E-4
7.2	  2.0E-5
7.3	  2.0E-5
7.4	  1.0E-5
7.5	  1.0E-5
7.6	  1.0E-5
7.7	  1.0E-5
7.8	  1.0E-5
7.9	  0.0
8.0	  0.0
8.1	  0.0
8.2	  0.0
8.3	  0.0
8.4	  0.0
8.5	  0.0
8.6	  0.0
8.7	  0.0
8.8	  0.0
8.9	  0.0
9.0	  0.0



DATASET #2

     Name: 2.5%,97.5%
   Points: 66
     Info: 

Data[x,y]:
2.5	  0.0
2.6	  0.0
2.7	  0.0
2.8	  0.0
2.9	  0.0
3.0	  0.0
3.1	  0.0
3.2	  0.0
3.3	  0.0
3.4	  0.0
3.5	  0.0
3.6	  0.0
3.7	  0.0
3.8	  0.0
3.9	  0.0
4.0	  0.0
4.1	  0.0
4.2	  0.0
4.3	  0.0
4.4	  0.0
4.5	  0.0
4.6	  0.0
4.7	  0.0
4.8	  0.0
4.9	  0.0
5.0	  0.0
5.1	  0.0
5.2	  0.0
5.3	  0.0
5.4	  0.0
5.5	  0.0
5.6	  0.0
5.7	  0.0
5.8	  0.0
5.9	  0.0
6.0	  0.0
6.1	  0.0
6.2	  0.0
6.3	  0.0
6.4	  0.0
6.5	  0.0
6.6	  0.0
6.7	  0.0
6.8	  0.0
6.9	  0.0
7.0	  0.0
7.1	  0.0
7.2	  0.0
7.3	  0.0
7.4	  0.0
7.5	  0.0
7.6	  0.0
7.7	  0.0
7.8	  0.0
7.9	  0.0
8.0	  0.0
8.1	  0.0
8.2	  0.0
8.3	  0.0
8.4	  0.0
8.5	  0.0
8.6	  0.0
8.7	  0.0
8.8	  0.0
8.9	  0.0
9.0	  0.0



DATASET #3

     Name: null
   Points: 66
     Info: 

Data[x,y]:
2.5	  16.0
2.6	  14.0
2.7	  11.0
2.8	  9.0
2.9	  8.0
3.0	  6.0
3.1	  5.0
3.2	  5.0
3.3	  4.0
3.4	  3.0
3.5	  3.0
3.6	  3.0
3.7	  2.0
3.8	  2.0
3.9	  2.0
4.0	  1.0
4.1	  1.0
4.2	  1.0
4.3	  1.0
4.4	  1.0
4.5	  1.0
4.6	  1.0
4.7	  1.0
4.8	  0.0
4.9	  0.0
5.0	  0.0
5.1	  0.0
5.2	  0.0
5.3	  0.0
5.4	  0.0
5.5	  0.0
5.6	  0.0
5.7	  0.0
5.8	  0.0
5.9	  0.0
6.0	  0.0
6.1	  0.0
6.2	  0.0
6.3	  0.0
6.4	  0.0
6.5	  0.0
6.6	  0.0
6.7	  0.0
6.8	  0.0
6.9	  0.0
7.0	  0.0
7.1	  0.0
7.2	  0.0
7.3	  0.0
7.4	  0.0
7.5	  0.0
7.6	  0.0
7.7	  0.0
7.8	  0.0
7.9	  0.0
8.0	  0.0
8.1	  0.0
8.2	  0.0
8.3	  0.0
8.4	  0.0
8.5	  0.0
8.6	  0.0
8.7	  0.0
8.8	  0.0
8.9	  0.0
9.0	  0.0



DATASET #4

     Name: Median
   Points: 66
     Info: 

Data[x,y]:
2.5	  3.0
2.6	  2.0
2.7	  2.0
2.8	  1.0
2.9	  1.0
3.0	  1.0
3.1	  0.0
3.2	  0.0
3.3	  0.0
3.4	  0.0
3.5	  0.0
3.6	  0.0
3.7	  0.0
3.8	  0.0
3.9	  0.0
4.0	  0.0
4.1	  0.0
4.2	  0.0
4.3	  0.0
4.4	  0.0
4.5	  0.0
4.6	  0.0
4.7	  0.0
4.8	  0.0
4.9	  0.0
5.0	  0.0
5.1	  0.0
5.2	  0.0
5.3	  0.0
5.4	  0.0
5.5	  0.0
5.6	  0.0
5.7	  0.0
5.8	  0.0
5.9	  0.0
6.0	  0.0
6.1	  0.0
6.2	  0.0
6.3	  0.0
6.4	  0.0
6.5	  0.0
6.6	  0.0
6.7	  0.0
6.8	  0.0
6.9	  0.0
7.0	  0.0
7.1	  0.0
7.2	  0.0
7.3	  0.0
7.4	  0.0
7.5	  0.0
7.6	  0.0
7.7	  0.0
7.8	  0.0
7.9	  0.0
8.0	  0.0
8.1	  0.0
8.2	  0.0
8.3	  0.0
8.4	  0.0
8.5	  0.0
8.6	  0.0
8.7	  0.0
8.8	  0.0
8.9	  0.0
9.0	  0.0



DATASET #5

     Name: Mode
   Points: 66
     Info: 

Data[x,y]:
2.5	  2.0
2.6	  1.0
2.7	  1.0
2.8	  1.0
2.9	  0.0
3.0	  0.0
3.1	  0.0
3.2	  0.0
3.3	  0.0
3.4	  0.0
3.5	  0.0
3.6	  0.0
3.7	  0.0
3.8	  0.0
3.9	  0.0
4.0	  0.0
4.1	  0.0
4.2	  0.0
4.3	  0.0
4.4	  0.0
4.5	  0.0
4.6	  0.0
4.7	  0.0
4.8	  0.0
4.9	  0.0
5.0	  0.0
5.1	  0.0
5.2	  0.0
5.3	  0.0
5.4	  0.0
5.5	  0.0
5.6	  0.0
5.7	  0.0
5.8	  0.0
5.9	  0.0
6.0	  0.0
6.1	  0.0
6.2	  0.0
6.3	  0.0
6.4	  0.0
6.5	  0.0
6.6	  0.0
6.7	  0.0
6.8	  0.0
6.9	  0.0
7.0	  0.0
7.1	  0.0
7.2	  0.0
7.3	  0.0
7.4	  0.0
7.5	  0.0
7.6	  0.0
7.7	  0.0
7.8	  0.0
7.9	  0.0
8.0	  0.0
8.1	  0.0
8.2	  0.0
8.3	  0.0
8.4	  0.0
8.5	  0.0
8.6	  0.0
8.7	  0.0
8.8	  0.0
8.9	  0.0
9.0	  0.0



DATASET #6

     Name: 1 mo Prob
   Points: 66
     Info: 

Data[x,y]:
2.5	  0.91871
2.6	  0.86779
2.7	  0.80526
2.8	  0.73265
2.9	  0.65479
3.0	  0.57571
3.1	  0.49983
3.2	  0.42949
3.3	  0.36537
3.4	  0.30709
3.5	  0.25612
3.6	  0.21369
3.7	  0.17605
3.8	  0.14482
3.9	  0.11891
4.0	  0.09797
4.1	  0.08006
4.2	  0.06586
4.3	  0.05459
4.4	  0.04518
4.5	  0.03762
4.6	  0.031
4.7	  0.02535
4.8	  0.02126
4.9	  0.01792
5.0	  0.01487
5.1	  0.01258
5.2	  0.01081
5.3	  0.00901
5.4	  0.00769
5.5	  0.00663
5.6	  0.00567
5.7	  0.00469
5.8	  0.00402
5.9	  0.00347
6.0	  0.00309
6.1	  0.00278
6.2	  0.00267
6.3	  0.00258
6.4	  0.00256
6.5	  0.00254
6.6	  0.00245
6.7	  0.00236
6.8	  0.00224
6.9	  0.00167
7.0	  0.00115
7.1	  5.8E-4
7.2	  1.0E-5
7.3	  1.0E-5
7.4	  1.0E-5
7.5	  1.0E-5
7.6	  1.0E-5
7.7	  1.0E-5
7.8	  1.0E-5
7.9	  0.0
8.0	  0.0
8.1	  0.0
8.2	  0.0
8.3	  0.0
8.4	  0.0
8.5	  0.0
8.6	  0.0
8.7	  0.0
8.8	  0.0
8.9	  0.0
9.0	  0.0



DATASET #7

Name: 95% Conf
Num Points: 66
Info: 

X, Y Data:
2.5	0.91871	[0.916995	0.9203927]
2.6	0.86779	[0.86567146	0.86988026]
2.7	0.80526	[0.80278885	0.80770767]
2.8	0.73265	[0.72989297	0.7353891]
2.9	0.65479	[0.6518323	0.65773576]
3.0	0.57571	[0.57263887	0.57877535]
3.1	0.49983	[0.49672604	0.502934]
3.2	0.42949	[0.4264197	0.43256572]
3.3	0.36537	[0.36238566	0.3683647]
3.4	0.30709	[0.30423337	0.30996147]
3.5	0.25612	[0.25341904	0.25883973]
3.6	0.21369	[0.2111554	0.21624665]
3.7	0.17605	[0.17369688	0.17842807]
3.8	0.14482	[0.14264746	0.1470199]
3.9	0.11891	[0.11691345	0.120935895]
4.0	0.09797	[0.09613793	0.09983304]
4.1	0.08006	[0.07838906	0.08176329]
4.2	0.06586	[0.06433432	0.06741914]
4.3	0.05459	[0.053194027	0.056020312]
4.4	0.04518	[0.043905117	0.046489965]
4.5	0.03762	[0.03645339	0.038822286]
4.6	0.031	[0.029938737	0.032097463]
4.7	0.02535	[0.024388928	0.026347727]
4.8	0.02126	[0.020379253	0.022177735]
4.9	0.01792	[0.017111199	0.018766064]
5.0	0.01487	[0.014133376	0.015644144]
5.1	0.01258	[0.011902827	0.013294891]
5.2	0.01081	[0.010182749	0.011475129]
5.3	0.00901	[0.00843806	0.009619985]
5.4	0.00769	[0.0071623363	0.008255837]
5.5	0.00663	[0.006140793	0.0071574883]
5.6	0.00567	[0.0052184295	0.006159957]
5.7	0.00469	[0.0042803637	0.0051381392]
5.8	0.00402	[0.0036416526	0.004436938]
5.9	0.00347	[0.0031193702	0.0038593002]
6.0	0.00309	[0.0027598394	0.0034588918]
6.1	0.00278	[0.002467498	0.0031312872]
6.2	0.00267	[0.0023640003	0.0030148053]
6.3	0.00258	[0.0022794215	0.0029194015]
6.4	0.00256	[0.002260639	0.0028981878]
6.5	0.00254	[0.0022418613	0.0028769695]
6.6	0.00245	[0.0021574227	0.0027814263]
6.7	0.00236	[0.0020730875	0.00268578]
6.8	0.00224	[0.0019608124	0.0025580812]
6.9	0.00167	[0.0014307264	0.0019483141]
7.0	0.00115	[9.5368404E-4	0.0013855506]
7.1	5.8E-4	[4.4437288E-4	7.552722E-4]
7.2	1.0E-5	[5.219861E-7	6.4949265E-5]
7.3	1.0E-5	[5.219861E-7	6.4949265E-5]
7.4	1.0E-5	[5.219861E-7	6.4949265E-5]
7.5	1.0E-5	[5.219861E-7	6.4949265E-5]
7.6	1.0E-5	[5.219861E-7	6.4949265E-5]
7.7	1.0E-5	[5.219861E-7	6.4949265E-5]
7.8	1.0E-5	[5.219861E-7	6.4949265E-5]
7.9	0.0	[0.0	4.7892154E-5]
8.0	0.0	[0.0	4.7892154E-5]
8.1	0.0	[0.0	4.7892154E-5]
8.2	0.0	[0.0	4.7892154E-5]
8.3	0.0	[0.0	4.7892154E-5]
8.4	0.0	[0.0	0.0]
8.5	0.0	[0.0	0.0]
8.6	0.0	[0.0	0.0]
8.7	0.0	[0.0	0.0]
8.8	0.0	[0.0	0.0]
8.9	0.0	[0.0	0.0]
9.0	0.0	[0.0	0.0]



DATASET #8

     Name: Supra
   Points: 66
     Info: 

Data[x,y]:
2.5	  0.00252
2.6	  0.00252
2.7	  0.00252
2.8	  0.00252
2.9	  0.00252
3.0	  0.00252
3.1	  0.00252
3.2	  0.00252
3.3	  0.00252
3.4	  0.00252
3.5	  0.00252
3.6	  0.00252
3.7	  0.00252
3.8	  0.00252
3.9	  0.00252
4.0	  0.00252
4.1	  0.00252
4.2	  0.00252
4.3	  0.00252
4.4	  0.00252
4.5	  0.00252
4.6	  0.00252
4.7	  0.00252
4.8	  0.00252
4.9	  0.00252
5.0	  0.00252
5.1	  0.00252
5.2	  0.00252
5.3	  0.00252
5.4	  0.00252
5.5	  0.00252
5.6	  0.00252
5.7	  0.00252
5.8	  0.00252
5.9	  0.00252
6.0	  0.00252
6.1	  0.00252
6.2	  0.0025
6.3	  0.00249
6.4	  0.00249
6.5	  0.00249
6.6	  0.00244
6.7	  0.00235
6.8	  0.00223
6.9	  0.00167
7.0	  0.00115
7.1	  5.8E-4
7.2	  0.0
7.3	  0.0
7.4	  0.0
7.5	  0.0
7.6	  0.0
7.7	  0.0
7.8	  0.0
7.9	  0.0
8.0	  0.0
8.1	  0.0
8.2	  0.0
8.3	  0.0
8.4	  0.0
8.5	  0.0
8.6	  0.0
8.7	  0.0
8.8	  0.0
8.9	  0.0
9.0	  0.0



DATASET #9

     Name: Primary
   Points: 66
     Info: 

Data[x,y]:
2.5	  2.2655
2.6	  1.80045
2.7	  1.42883
2.8	  1.13686
2.9	  0.90383
3.0	  0.71803
3.1	  0.57096
3.2	  0.45605
3.3	  0.36363
3.4	  0.28854
3.5	  0.22835
3.6	  0.18141
3.7	  0.1443
3.8	  0.11482
3.9	  0.09099
4.0	  0.07255
4.1	  0.05728
4.2	  0.04591
4.3	  0.03699
4.4	  0.02983
4.5	  0.02408
4.6	  0.0193
4.7	  0.01541
4.8	  0.01258
4.9	  0.01035
5.0	  0.0084
5.1	  0.00693
5.2	  0.00587
5.3	  0.00476
5.4	  0.00394
5.5	  0.00343
5.6	  0.00295
5.7	  0.00244
5.8	  0.00216
5.9	  0.00199
6.0	  0.00181
6.1	  0.00167
6.2	  0.00162
6.3	  0.00159
6.4	  0.00159
6.5	  0.00159
6.6	  0.00156
6.7	  0.00151
6.8	  0.00144
6.9	  0.00107
7.0	  7.2E-4
7.1	  4.0E-4
7.2	  0.0
7.3	  0.0
7.4	  0.0
7.5	  0.0
7.6	  0.0
7.7	  0.0
7.8	  0.0
7.9	  0.0
8.0	  0.0
8.1	  0.0
8.2	  0.0
8.3	  0.0
8.4	  0.0
8.5	  0.0
8.6	  0.0
8.7	  0.0
8.8	  0.0
8.9	  0.0
9.0	  0.0


