
X-Axis: Magnitude
Y-Axis: 1 Week Cumulative Number
Number of Data Sets: 9


DATASET #1

     Name: Mean
   Points: 66
     Info: 

Data[x,y]:
2.5	  12.53248
2.6	  9.95363
2.7	  7.90302
2.8	  6.27675
2.9	  4.99072
3.0	  3.96364
3.1	  3.14784
3.2	  2.49979
3.3	  1.98997
3.4	  1.58133
3.5	  1.25492
3.6	  0.99652
3.7	  0.79268
3.8	  0.62872
3.9	  0.49856
4.0	  0.39495
4.1	  0.31328
4.2	  0.24914
4.3	  0.19833
4.4	  0.15778
4.5	  0.12408
4.6	  0.09819
4.7	  0.07816
4.8	  0.06188
4.9	  0.04932
5.0	  0.03917
5.1	  0.03113
5.2	  0.02425
5.3	  0.01897
5.4	  0.01491
5.5	  0.0116
5.6	  0.00878
5.7	  0.00692
5.8	  0.00523
5.9	  0.00386
6.0	  0.00284
6.1	  0.00214
6.2	  0.00178
6.3	  0.00139
6.4	  9.8E-4
6.5	  7.2E-4
6.6	  5.8E-4
6.7	  4.6E-4
6.8	  3.1E-4
6.9	  2.1E-4
7.0	  1.4E-4
7.1	  1.2E-4
7.2	  1.2E-4
7.3	  1.0E-4
7.4	  6.0E-5
7.5	  4.0E-5
7.6	  3.0E-5
7.7	  3.0E-5
7.8	  2.0E-5
7.9	  2.0E-5
8.0	  0.0
8.1	  0.0
8.2	  0.0
8.3	  0.0
8.4	  0.0
8.5	  0.0
8.6	  0.0
8.7	  0.0
8.8	  0.0
8.9	  0.0
9.0	  0.0



DATASET #2

     Name: 2.5%,97.5%
   Points: 66
     Info: 

Data[x,y]:
2.5	  0.0
2.6	  0.0
2.7	  0.0
2.8	  0.0
2.9	  0.0
3.0	  0.0
3.1	  0.0
3.2	  0.0
3.3	  0.0
3.4	  0.0
3.5	  0.0
3.6	  0.0
3.7	  0.0
3.8	  0.0
3.9	  0.0
4.0	  0.0
4.1	  0.0
4.2	  0.0
4.3	  0.0
4.4	  0.0
4.5	  0.0
4.6	  0.0
4.7	  0.0
4.8	  0.0
4.9	  0.0
5.0	  0.0
5.1	  0.0
5.2	  0.0
5.3	  0.0
5.4	  0.0
5.5	  0.0
5.6	  0.0
5.7	  0.0
5.8	  0.0
5.9	  0.0
6.0	  0.0
6.1	  0.0
6.2	  0.0
6.3	  0.0
6.4	  0.0
6.5	  0.0
6.6	  0.0
6.7	  0.0
6.8	  0.0
6.9	  0.0
7.0	  0.0
7.1	  0.0
7.2	  0.0
7.3	  0.0
7.4	  0.0
7.5	  0.0
7.6	  0.0
7.7	  0.0
7.8	  0.0
7.9	  0.0
8.0	  0.0
8.1	  0.0
8.2	  0.0
8.3	  0.0
8.4	  0.0
8.5	  0.0
8.6	  0.0
8.7	  0.0
8.8	  0.0
8.9	  0.0
9.0	  0.0



DATASET #3

     Name: null
   Points: 66
     Info: 

Data[x,y]:
2.5	  62.0
2.6	  49.0
2.7	  39.0
2.8	  31.0
2.9	  25.0
3.0	  20.0
3.1	  16.0
3.2	  13.0
3.3	  11.0
3.4	  9.0
3.5	  7.0
3.6	  6.0
3.7	  5.0
3.8	  4.0
3.9	  3.0
4.0	  3.0
4.1	  2.0
4.2	  2.0
4.3	  2.0
4.4	  1.0
4.5	  1.0
4.6	  1.0
4.7	  1.0
4.8	  1.0
4.9	  1.0
5.0	  1.0
5.1	  0.0
5.2	  0.0
5.3	  0.0
5.4	  0.0
5.5	  0.0
5.6	  0.0
5.7	  0.0
5.8	  0.0
5.9	  0.0
6.0	  0.0
6.1	  0.0
6.2	  0.0
6.3	  0.0
6.4	  0.0
6.5	  0.0
6.6	  0.0
6.7	  0.0
6.8	  0.0
6.9	  0.0
7.0	  0.0
7.1	  0.0
7.2	  0.0
7.3	  0.0
7.4	  0.0
7.5	  0.0
7.6	  0.0
7.7	  0.0
7.8	  0.0
7.9	  0.0
8.0	  0.0
8.1	  0.0
8.2	  0.0
8.3	  0.0
8.4	  0.0
8.5	  0.0
8.6	  0.0
8.7	  0.0
8.8	  0.0
8.9	  0.0
9.0	  0.0



DATASET #4

     Name: Median
   Points: 66
     Info: 

Data[x,y]:
2.5	  5.0
2.6	  4.0
2.7	  3.0
2.8	  2.0
2.9	  2.0
3.0	  1.0
3.1	  1.0
3.2	  1.0
3.3	  1.0
3.4	  0.0
3.5	  0.0
3.6	  0.0
3.7	  0.0
3.8	  0.0
3.9	  0.0
4.0	  0.0
4.1	  0.0
4.2	  0.0
4.3	  0.0
4.4	  0.0
4.5	  0.0
4.6	  0.0
4.7	  0.0
4.8	  0.0
4.9	  0.0
5.0	  0.0
5.1	  0.0
5.2	  0.0
5.3	  0.0
5.4	  0.0
5.5	  0.0
5.6	  0.0
5.7	  0.0
5.8	  0.0
5.9	  0.0
6.0	  0.0
6.1	  0.0
6.2	  0.0
6.3	  0.0
6.4	  0.0
6.5	  0.0
6.6	  0.0
6.7	  0.0
6.8	  0.0
6.9	  0.0
7.0	  0.0
7.1	  0.0
7.2	  0.0
7.3	  0.0
7.4	  0.0
7.5	  0.0
7.6	  0.0
7.7	  0.0
7.8	  0.0
7.9	  0.0
8.0	  0.0
8.1	  0.0
8.2	  0.0
8.3	  0.0
8.4	  0.0
8.5	  0.0
8.6	  0.0
8.7	  0.0
8.8	  0.0
8.9	  0.0
9.0	  0.0



DATASET #5

     Name: Mode
   Points: 66
     Info: 

Data[x,y]:
2.5	  1.0
2.6	  0.0
2.7	  0.0
2.8	  0.0
2.9	  0.0
3.0	  0.0
3.1	  0.0
3.2	  0.0
3.3	  0.0
3.4	  0.0
3.5	  0.0
3.6	  0.0
3.7	  0.0
3.8	  0.0
3.9	  0.0
4.0	  0.0
4.1	  0.0
4.2	  0.0
4.3	  0.0
4.4	  0.0
4.5	  0.0
4.6	  0.0
4.7	  0.0
4.8	  0.0
4.9	  0.0
5.0	  0.0
5.1	  0.0
5.2	  0.0
5.3	  0.0
5.4	  0.0
5.5	  0.0
5.6	  0.0
5.7	  0.0
5.8	  0.0
5.9	  0.0
6.0	  0.0
6.1	  0.0
6.2	  0.0
6.3	  0.0
6.4	  0.0
6.5	  0.0
6.6	  0.0
6.7	  0.0
6.8	  0.0
6.9	  0.0
7.0	  0.0
7.1	  0.0
7.2	  0.0
7.3	  0.0
7.4	  0.0
7.5	  0.0
7.6	  0.0
7.7	  0.0
7.8	  0.0
7.9	  0.0
8.0	  0.0
8.1	  0.0
8.2	  0.0
8.3	  0.0
8.4	  0.0
8.5	  0.0
8.6	  0.0
8.7	  0.0
8.8	  0.0
8.9	  0.0
9.0	  0.0



DATASET #6

     Name: 1 wk Prob
   Points: 66
     Info: 

Data[x,y]:
2.5	  0.88363
2.6	  0.85222
2.7	  0.81499
2.8	  0.77222
2.9	  0.72551
3.0	  0.67551
3.1	  0.62299
3.2	  0.56926
3.3	  0.51488
3.4	  0.45995
3.5	  0.40897
3.6	  0.35958
3.7	  0.31365
3.8	  0.27085
3.9	  0.23249
4.0	  0.19693
4.1	  0.16625
4.2	  0.1396
4.3	  0.11703
4.4	  0.09715
4.5	  0.07936
4.6	  0.06482
4.7	  0.05328
4.8	  0.04358
4.9	  0.03562
5.0	  0.02864
5.1	  0.02326
5.2	  0.01845
5.3	  0.01458
5.4	  0.01172
5.5	  0.00944
5.6	  0.00725
5.7	  0.00578
5.8	  0.00442
5.9	  0.0033
6.0	  0.00248
6.1	  0.00195
6.2	  0.00165
6.3	  0.00128
6.4	  9.2E-4
6.5	  7.0E-4
6.6	  5.7E-4
6.7	  4.6E-4
6.8	  3.1E-4
6.9	  2.1E-4
7.0	  1.4E-4
7.1	  1.2E-4
7.2	  1.2E-4
7.3	  1.0E-4
7.4	  6.0E-5
7.5	  4.0E-5
7.6	  3.0E-5
7.7	  3.0E-5
7.8	  2.0E-5
7.9	  2.0E-5
8.0	  0.0
8.1	  0.0
8.2	  0.0
8.3	  0.0
8.4	  0.0
8.5	  0.0
8.6	  0.0
8.7	  0.0
8.8	  0.0
8.9	  0.0
9.0	  0.0



DATASET #7

Name: 95% Conf
Num Points: 66
Info: 

X, Y Data:
2.5	0.88363	[0.8816227	0.8856078]
2.6	0.85222	[0.8500019	0.854411]
2.7	0.81499	[0.81256616	0.8173896]
2.8	0.77222	[0.7696051	0.77481395]
2.9	0.72551	[0.72273046	0.7282722]
3.0	0.67551	[0.67259645	0.67841005]
3.1	0.62299	[0.6199765	0.625994]
3.2	0.56926	[0.5661832	0.5723314]
3.3	0.51488	[0.5117768	0.517982]
3.4	0.45995	[0.45685753	0.46304557]
3.5	0.40897	[0.4059213	0.4120257]
3.6	0.35958	[0.35660616	0.36256465]
3.7	0.31365	[0.31077647	0.3165379]
3.8	0.27085	[0.26809946	0.2736182]
3.9	0.23249	[0.22987714	0.23512346]
4.0	0.19693	[0.19447185	0.19941148]
4.1	0.16625	[0.1639503	0.1685754]
4.2	0.1396	[0.1374608	0.14176695]
4.3	0.11703	[0.11504733	0.11904217]
4.4	0.09715	[0.09532486	0.099006176]
4.5	0.07936	[0.077695824	0.08105659]
4.6	0.06482	[0.0633057	0.06636785]
4.7	0.05328	[0.05190011	0.054694332]
4.8	0.04358	[0.042327117	0.04486809]
4.9	0.03562	[0.034484047	0.036791787]
5.0	0.02864	[0.027619265	0.029697124]
5.1	0.02326	[0.022339027	0.024217796]
5.2	0.01845	[0.017629335	0.019307883]
5.3	0.01458	[0.0138506275	0.015346918]
5.4	0.01172	[0.011066595	0.0124112]
5.5	0.00944	[0.008854365	0.010063639]
5.6	0.00725	[0.006737949	0.0078002685]
5.7	0.00578	[0.005323961	0.0062744133]
5.8	0.00442	[0.0040226816	0.004855856]
5.9	0.0033	[0.0029583802	0.0036803167]
6.0	0.00248	[0.0021855577	0.0028132852]
6.1	0.00195	[0.0016903863	0.0022485764]
6.2	0.00165	[0.0014122424	0.0019268041]
6.3	0.00128	[0.0010721603	0.0015270172]
6.4	9.2E-4	[7.457983E-4	0.0011335606]
6.5	7.0E-4	[5.4971955E-4	8.8980334E-4]
6.6	5.7E-4	[4.3565937E-4	7.4399746E-4]
6.7	4.6E-4	[3.4062742E-4	6.191808E-4]
6.8	3.1E-4	[2.1428046E-4	4.458429E-4]
6.9	2.1E-4	[1.3341404E-4	3.27075E-4]
7.0	1.4E-4	[7.967705E-5	2.4126013E-4]
7.1	1.2E-4	[6.502256E-5	2.1610482E-4]
7.2	1.2E-4	[6.502256E-5	2.1610482E-4]
7.3	1.0E-4	[5.08174E-5	1.9054979E-4]
7.4	6.0E-5	[2.4390289E-5	1.377361E-4]
7.5	4.0E-5	[1.2813544E-5	1.10003224E-4]
7.6	3.0E-5	[7.747817E-6	9.559829E-5]
7.7	3.0E-5	[7.747817E-6	9.559829E-5]
7.8	2.0E-5	[3.4641096E-6	8.066479E-5]
7.9	2.0E-5	[3.4641096E-6	8.066479E-5]
8.0	0.0	[0.0	4.7892154E-5]
8.1	0.0	[0.0	4.7892154E-5]
8.2	0.0	[0.0	4.7892154E-5]
8.3	0.0	[0.0	4.7892154E-5]
8.4	0.0	[0.0	0.0]
8.5	0.0	[0.0	0.0]
8.6	0.0	[0.0	0.0]
8.7	0.0	[0.0	0.0]
8.8	0.0	[0.0	0.0]
8.9	0.0	[0.0	0.0]
9.0	0.0	[0.0	0.0]



DATASET #8

     Name: Supra
   Points: 66
     Info: 

Data[x,y]:
2.5	  1.6E-4
2.6	  1.6E-4
2.7	  1.6E-4
2.8	  1.6E-4
2.9	  1.6E-4
3.0	  1.6E-4
3.1	  1.6E-4
3.2	  1.6E-4
3.3	  1.6E-4
3.4	  1.6E-4
3.5	  1.6E-4
3.6	  1.6E-4
3.7	  1.6E-4
3.8	  1.6E-4
3.9	  1.6E-4
4.0	  1.6E-4
4.1	  1.6E-4
4.2	  1.6E-4
4.3	  1.6E-4
4.4	  1.6E-4
4.5	  1.6E-4
4.6	  1.6E-4
4.7	  1.6E-4
4.8	  1.6E-4
4.9	  1.6E-4
5.0	  1.6E-4
5.1	  1.6E-4
5.2	  1.6E-4
5.3	  1.6E-4
5.4	  1.6E-4
5.5	  1.6E-4
5.6	  1.6E-4
5.7	  1.6E-4
5.8	  1.6E-4
5.9	  1.6E-4
6.0	  1.6E-4
6.1	  1.5E-4
6.2	  1.4E-4
6.3	  1.4E-4
6.4	  1.4E-4
6.5	  1.4E-4
6.6	  1.2E-4
6.7	  1.2E-4
6.8	  1.2E-4
6.9	  1.0E-4
7.0	  9.0E-5
7.1	  8.0E-5
7.2	  8.0E-5
7.3	  7.0E-5
7.4	  5.0E-5
7.5	  3.0E-5
7.6	  3.0E-5
7.7	  3.0E-5
7.8	  2.0E-5
7.9	  2.0E-5
8.0	  0.0
8.1	  0.0
8.2	  0.0
8.3	  0.0
8.4	  0.0
8.5	  0.0
8.6	  0.0
8.7	  0.0
8.8	  0.0
8.9	  0.0
9.0	  0.0



DATASET #9

     Name: Primary
   Points: 66
     Info: 

Data[x,y]:
2.5	  6.09379
2.6	  4.83997
2.7	  3.84244
2.8	  3.05261
2.9	  2.42808
3.0	  1.92644
3.1	  1.53084
3.2	  1.21567
3.3	  0.96804
3.4	  0.76913
3.5	  0.61187
3.6	  0.48536
3.7	  0.38684
3.8	  0.3078
3.9	  0.24449
4.0	  0.19389
4.1	  0.15418
4.2	  0.12253
4.3	  0.09776
4.4	  0.07802
4.5	  0.0612
4.6	  0.04808
4.7	  0.03856
4.8	  0.03038
4.9	  0.02438
5.0	  0.01925
5.1	  0.01541
5.2	  0.01182
5.3	  0.00926
5.4	  0.00719
5.5	  0.00576
5.6	  0.00436
5.7	  0.00345
5.8	  0.00264
5.9	  0.00196
6.0	  0.00137
6.1	  0.0011
6.2	  9.1E-4
6.3	  6.8E-4
6.4	  4.7E-4
6.5	  3.3E-4
6.6	  2.8E-4
6.7	  2.3E-4
6.8	  1.4E-4
6.9	  1.0E-4
7.0	  6.0E-5
7.1	  6.0E-5
7.2	  6.0E-5
7.3	  5.0E-5
7.4	  3.0E-5
7.5	  1.0E-5
7.6	  1.0E-5
7.7	  1.0E-5
7.8	  1.0E-5
7.9	  1.0E-5
8.0	  0.0
8.1	  0.0
8.2	  0.0
8.3	  0.0
8.4	  0.0
8.5	  0.0
8.6	  0.0
8.7	  0.0
8.8	  0.0
8.9	  0.0
9.0	  0.0


