
X-Axis: Magnitude
Y-Axis: 10 Year Cumulative Number
Number of Data Sets: 9


DATASET #1

     Name: Mean
   Points: 66
     Info: 

Data[x,y]:
2.5	  1156.4478
2.6	  918.57623
2.7	  729.65094
2.8	  579.5372
2.9	  460.3204
3.0	  365.6225
3.1	  290.40256
3.2	  230.64444
3.3	  183.20169
3.4	  145.50682
3.5	  115.55981
3.6	  91.77068
3.7	  72.88587
3.8	  57.87427
3.9	  45.95365
4.0	  36.48501
4.1	  28.9456
4.2	  22.97457
4.3	  18.23052
4.4	  14.46102
4.5	  11.45972
4.6	  9.07591
4.7	  7.19336
4.8	  5.69104
4.9	  4.50355
5.0	  3.55732
5.1	  2.80946
5.2	  2.21218
5.3	  1.73877
5.4	  1.35761
5.5	  1.06281
5.6	  0.82355
5.7	  0.63543
5.8	  0.48376
5.9	  0.364
6.0	  0.28301
6.1	  0.208
6.2	  0.13721
6.3	  0.10299
6.4	  0.07927
6.5	  0.06113
6.6	  0.04897
6.7	  0.03984
6.8	  0.03204
6.9	  0.02458
7.0	  0.0199
7.1	  0.01675
7.2	  0.01327
7.3	  0.00921
7.4	  0.00806
7.5	  0.00624
7.6	  0.00335
7.7	  9.3E-4
7.8	  6.1E-4
7.9	  3.0E-4
8.0	  8.0E-5
8.1	  1.0E-5
8.2	  0.0
8.3	  0.0
8.4	  0.0
8.5	  0.0
8.6	  0.0
8.7	  0.0
8.8	  0.0
8.9	  0.0
9.0	  0.0



DATASET #2

     Name: 2.5%,97.5%
   Points: 66
     Info: 

Data[x,y]:
2.5	  656.0
2.6	  517.0
2.7	  408.0
2.8	  321.0
2.9	  252.0
3.0	  198.0
3.1	  155.0
3.2	  120.0
3.3	  94.0
3.4	  72.0
3.5	  56.0
3.6	  43.0
3.7	  33.0
3.8	  25.0
3.9	  19.0
4.0	  14.0
4.1	  10.0
4.2	  7.0
4.3	  5.0
4.4	  3.0
4.5	  2.0
4.6	  1.0
4.7	  1.0
4.8	  0.0
4.9	  0.0
5.0	  0.0
5.1	  0.0
5.2	  0.0
5.3	  0.0
5.4	  0.0
5.5	  0.0
5.6	  0.0
5.7	  0.0
5.8	  0.0
5.9	  0.0
6.0	  0.0
6.1	  0.0
6.2	  0.0
6.3	  0.0
6.4	  0.0
6.5	  0.0
6.6	  0.0
6.7	  0.0
6.8	  0.0
6.9	  0.0
7.0	  0.0
7.1	  0.0
7.2	  0.0
7.3	  0.0
7.4	  0.0
7.5	  0.0
7.6	  0.0
7.7	  0.0
7.8	  0.0
7.9	  0.0
8.0	  0.0
8.1	  0.0
8.2	  0.0
8.3	  0.0
8.4	  0.0
8.5	  0.0
8.6	  0.0
8.7	  0.0
8.8	  0.0
8.9	  0.0
9.0	  0.0



DATASET #3

     Name: null
   Points: 66
     Info: 

Data[x,y]:
2.5	  3476.0
2.6	  2757.0
2.7	  2189.0
2.8	  1740.0
2.9	  1379.0
3.0	  1094.0
3.1	  872.0
3.2	  695.0
3.3	  552.0
3.4	  439.0
3.5	  349.0
3.6	  277.0
3.7	  221.0
3.8	  176.0
3.9	  140.0
4.0	  111.0
4.1	  89.0
4.2	  71.0
4.3	  57.0
4.4	  46.0
4.5	  37.0
4.6	  30.0
4.7	  24.0
4.8	  20.0
4.9	  16.0
5.0	  13.0
5.1	  11.0
5.2	  9.0
5.3	  8.0
5.4	  6.0
5.5	  5.0
5.6	  4.0
5.7	  4.0
5.8	  3.0
5.9	  3.0
6.0	  2.0
6.1	  2.0
6.2	  1.0
6.3	  1.0
6.4	  1.0
6.5	  1.0
6.6	  1.0
6.7	  1.0
6.8	  1.0
6.9	  0.0
7.0	  0.0
7.1	  0.0
7.2	  0.0
7.3	  0.0
7.4	  0.0
7.5	  0.0
7.6	  0.0
7.7	  0.0
7.8	  0.0
7.9	  0.0
8.0	  0.0
8.1	  0.0
8.2	  0.0
8.3	  0.0
8.4	  0.0
8.5	  0.0
8.6	  0.0
8.7	  0.0
8.8	  0.0
8.9	  0.0
9.0	  0.0



DATASET #4

     Name: Median
   Points: 66
     Info: 

Data[x,y]:
2.5	  860.0
2.6	  684.0
2.7	  544.0
2.8	  432.0
2.9	  344.0
3.0	  274.0
3.1	  218.0
3.2	  173.0
3.3	  138.0
3.4	  110.0
3.5	  87.0
3.6	  69.0
3.7	  55.0
3.8	  44.0
3.9	  35.0
4.0	  28.0
4.1	  22.0
4.2	  17.0
4.3	  14.0
4.4	  11.0
4.5	  9.0
4.6	  7.0
4.7	  5.0
4.8	  4.0
4.9	  3.0
5.0	  2.0
5.1	  2.0
5.2	  1.0
5.3	  1.0
5.4	  1.0
5.5	  1.0
5.6	  0.0
5.7	  0.0
5.8	  0.0
5.9	  0.0
6.0	  0.0
6.1	  0.0
6.2	  0.0
6.3	  0.0
6.4	  0.0
6.5	  0.0
6.6	  0.0
6.7	  0.0
6.8	  0.0
6.9	  0.0
7.0	  0.0
7.1	  0.0
7.2	  0.0
7.3	  0.0
7.4	  0.0
7.5	  0.0
7.6	  0.0
7.7	  0.0
7.8	  0.0
7.9	  0.0
8.0	  0.0
8.1	  0.0
8.2	  0.0
8.3	  0.0
8.4	  0.0
8.5	  0.0
8.6	  0.0
8.7	  0.0
8.8	  0.0
8.9	  0.0
9.0	  0.0



DATASET #5

     Name: Mode
   Points: 66
     Info: 

Data[x,y]:
2.5	  755.0
2.6	  592.0
2.7	  482.0
2.8	  382.0
2.9	  308.0
3.0	  244.0
3.1	  191.0
3.2	  159.0
3.3	  121.0
3.4	  98.0
3.5	  78.0
3.6	  60.0
3.7	  50.0
3.8	  39.0
3.9	  32.0
4.0	  25.0
4.1	  19.0
4.2	  15.0
4.3	  12.0
4.4	  9.0
4.5	  7.0
4.6	  6.0
4.7	  4.0
4.8	  3.0
4.9	  2.0
5.0	  2.0
5.1	  1.0
5.2	  1.0
5.3	  0.0
5.4	  0.0
5.5	  0.0
5.6	  0.0
5.7	  0.0
5.8	  0.0
5.9	  0.0
6.0	  0.0
6.1	  0.0
6.2	  0.0
6.3	  0.0
6.4	  0.0
6.5	  0.0
6.6	  0.0
6.7	  0.0
6.8	  0.0
6.9	  0.0
7.0	  0.0
7.1	  0.0
7.2	  0.0
7.3	  0.0
7.4	  0.0
7.5	  0.0
7.6	  0.0
7.7	  0.0
7.8	  0.0
7.9	  0.0
8.0	  0.0
8.1	  0.0
8.2	  0.0
8.3	  0.0
8.4	  0.0
8.5	  0.0
8.6	  0.0
8.7	  0.0
8.8	  0.0
8.9	  0.0
9.0	  0.0



DATASET #6

     Name: 10 yr Prob
   Points: 66
     Info: 

Data[x,y]:
2.5	  1.0
2.6	  1.0
2.7	  1.0
2.8	  1.0
2.9	  1.0
3.0	  1.0
3.1	  1.0
3.2	  1.0
3.3	  1.0
3.4	  1.0
3.5	  1.0
3.6	  1.0
3.7	  1.0
3.8	  1.0
3.9	  1.0
4.0	  1.0
4.1	  1.0
4.2	  1.0
4.3	  0.99998
4.4	  0.99969
4.5	  0.99839
4.6	  0.99463
4.7	  0.9852
4.8	  0.96641
4.9	  0.93467
5.0	  0.88838
5.1	  0.82924
5.2	  0.75902
5.3	  0.67882
5.4	  0.59373
5.5	  0.513
5.6	  0.4347
5.7	  0.36354
5.8	  0.29696
5.9	  0.2379
6.0	  0.19326
6.1	  0.14941
6.2	  0.1052
6.3	  0.08181
6.4	  0.06264
6.5	  0.04924
6.6	  0.04145
6.7	  0.03422
6.8	  0.02849
6.9	  0.02279
7.0	  0.01885
7.1	  0.01609
7.2	  0.01276
7.3	  0.00892
7.4	  0.00784
7.5	  0.00612
7.6	  0.00328
7.7	  9.3E-4
7.8	  6.1E-4
7.9	  3.0E-4
8.0	  8.0E-5
8.1	  1.0E-5
8.2	  0.0
8.3	  0.0
8.4	  0.0
8.5	  0.0
8.6	  0.0
8.7	  0.0
8.8	  0.0
8.9	  0.0
9.0	  0.0



DATASET #7

Name: 95% Conf
Num Points: 66
Info: 

X, Y Data:
2.5	1.0	[1.0	1.0]
2.6	1.0	[1.0	1.0]
2.7	1.0	[1.0	1.0]
2.8	1.0	[1.0	1.0]
2.9	1.0	[1.0	1.0]
3.0	1.0	[1.0	1.0]
3.1	1.0	[1.0	1.0]
3.2	1.0	[1.0	1.0]
3.3	1.0	[1.0	1.0]
3.4	1.0	[1.0	1.0]
3.5	1.0	[1.0	1.0]
3.6	1.0	[1.0	1.0]
3.7	1.0	[1.0	1.0]
3.8	1.0	[1.0	1.0]
3.9	1.0	[1.0	1.0]
4.0	1.0	[1.0	1.0]
4.1	1.0	[1.0	1.0]
4.2	1.0	[1.0	1.0]
4.3	0.99998	[0.99991935	0.99999654]
4.4	0.99969	[0.99955416	0.9997857]
4.5	0.99839	[0.99811625	0.9986247]
4.6	0.99463	[0.9941524	0.99506915]
4.7	0.9852	[0.9844276	0.98593485]
4.8	0.96641	[0.96527016	0.96751386]
4.9	0.93467	[0.9331166	0.9361899]
5.0	0.88838	[0.88640827	0.89032185]
5.1	0.82924	[0.82689	0.83156466]
5.2	0.75902	[0.7563543	0.76166576]
5.3	0.67882	[0.6759141	0.68171215]
5.4	0.59373	[0.5906774	0.5967754]
5.5	0.513	[0.5098966	0.51610243]
5.6	0.4347	[0.43162507	0.43777993]
5.7	0.36354	[0.36055893	0.36653158]
5.8	0.29696	[0.29413083	0.29980478]
5.9	0.2379	[0.235266	0.24055418]
6.0	0.19326	[0.19081949	0.19572413]
6.1	0.14941	[0.14720894	0.15163806]
6.2	0.1052	[0.10330855	0.10712186]
6.3	0.08181	[0.08012234	0.08352989]
6.4	0.06264	[0.061149914	0.064163804]
6.5	0.04924	[0.047911227	0.050603535]
6.6	0.04145	[0.040227134	0.04270824]
6.7	0.03422	[0.03310608	0.035369862]
6.8	0.02849	[0.027471902	0.029544499]
6.9	0.02279	[0.02187831	0.023738554]
7.0	0.01885	[0.0180205	0.019716686]
7.1	0.01609	[0.015323651	0.016893767]
7.2	0.01276	[0.01207796	0.013479743]
7.3	0.00892	[0.008350968	0.009527084]
7.4	0.00784	[0.0073071183	0.00841104]
7.5	0.00612	[0.005650414	0.006627922]
7.6	0.00328	[0.0029394554	0.0036592449]
7.7	9.3E-4	[7.5478293E-4	0.0011445697]
7.8	6.1E-4	[4.7057818E-4	7.890333E-4]
7.9	3.0E-4	[2.060413E-4	4.3411064E-4]
8.0	8.0E-5	[3.7198402E-5	1.6448459E-4]
8.1	1.0E-5	[5.219861E-7	6.4949265E-5]
8.2	0.0	[0.0	4.7892154E-5]
8.3	0.0	[0.0	4.7892154E-5]
8.4	0.0	[0.0	0.0]
8.5	0.0	[0.0	0.0]
8.6	0.0	[0.0	0.0]
8.7	0.0	[0.0	0.0]
8.8	0.0	[0.0	0.0]
8.9	0.0	[0.0	0.0]
9.0	0.0	[0.0	0.0]



DATASET #8

     Name: Supra
   Points: 66
     Info: 

Data[x,y]:
2.5	  0.08243
2.6	  0.08243
2.7	  0.08243
2.8	  0.08243
2.9	  0.08243
3.0	  0.08243
3.1	  0.08243
3.2	  0.08243
3.3	  0.08243
3.4	  0.08243
3.5	  0.08243
3.6	  0.08243
3.7	  0.08243
3.8	  0.08243
3.9	  0.08243
4.0	  0.08243
4.1	  0.08243
4.2	  0.08243
4.3	  0.08243
4.4	  0.08243
4.5	  0.08243
4.6	  0.08243
4.7	  0.08243
4.8	  0.08243
4.9	  0.08243
5.0	  0.08243
5.1	  0.08243
5.2	  0.08243
5.3	  0.08243
5.4	  0.08243
5.5	  0.08243
5.6	  0.08243
5.7	  0.08243
5.8	  0.08242
5.9	  0.08238
6.0	  0.08232
6.1	  0.0697
6.2	  0.05378
6.3	  0.04495
6.4	  0.03825
6.5	  0.03296
6.6	  0.03017
6.7	  0.0264
6.8	  0.02318
6.9	  0.01928
7.0	  0.01659
7.1	  0.01478
7.2	  0.012
7.3	  0.00857
7.4	  0.00768
7.5	  0.00605
7.6	  0.00323
7.7	  9.2E-4
7.8	  6.0E-4
7.9	  3.0E-4
8.0	  8.0E-5
8.1	  1.0E-5
8.2	  0.0
8.3	  0.0
8.4	  0.0
8.5	  0.0
8.6	  0.0
8.7	  0.0
8.8	  0.0
8.9	  0.0
9.0	  0.0



DATASET #9

     Name: Primary
   Points: 66
     Info: 

Data[x,y]:
2.5	  496.11322
2.6	  394.06415
2.7	  313.04095
2.8	  248.63573
2.9	  197.48602
3.0	  156.85852
3.1	  124.59416
3.2	  98.95044
3.3	  78.59885
3.4	  62.43021
3.5	  49.57308
3.6	  39.37375
3.7	  31.2669
3.8	  24.83039
3.9	  19.71437
4.0	  15.65004
4.1	  12.41576
4.2	  9.85664
4.3	  7.82165
4.4	  6.20406
4.5	  4.91679
4.6	  3.89677
4.7	  3.08691
4.8	  2.44089
4.9	  1.93206
5.0	  1.52687
5.1	  1.2076
5.2	  0.95054
5.3	  0.74585
5.4	  0.58084
5.5	  0.45497
5.6	  0.35289
5.7	  0.27331
5.8	  0.2084
5.9	  0.15706
6.0	  0.12121
6.1	  0.09085
6.2	  0.06011
6.3	  0.04575
6.4	  0.03402
6.5	  0.02626
6.6	  0.0223
6.7	  0.01836
6.8	  0.01517
6.9	  0.01199
7.0	  0.00992
7.1	  0.00855
7.2	  0.0067
7.3	  0.00462
7.4	  0.00402
7.5	  0.00304
7.6	  0.00175
7.7	  5.0E-4
7.8	  3.2E-4
7.9	  1.3E-4
8.0	  2.0E-5
8.1	  0.0
8.2	  0.0
8.3	  0.0
8.4	  0.0
8.5	  0.0
8.6	  0.0
8.7	  0.0
8.8	  0.0
8.9	  0.0
9.0	  0.0


