
X-Axis: Magnitude
Y-Axis: 1 Day Cumulative Number
Number of Data Sets: 9


DATASET #1

     Name: Mean
   Points: 66
     Info: 

Data[x,y]:
2.5	  14.51
2.6	  11.560476
2.7	  9.196667
2.8	  7.320476
2.9	  5.818095
3.0	  4.599524
3.1	  3.6661904
3.2	  2.9157143
3.3	  2.300476
3.4	  1.84
3.5	  1.4861904
3.6	  1.1876191
3.7	  0.96
3.8	  0.7595238
3.9	  0.5966667
4.0	  0.48095238
4.1	  0.37809524
4.2	  0.2904762
4.3	  0.23095238
4.4	  0.17809524
4.5	  0.14238095
4.6	  0.11095238
4.7	  0.08571429
4.8	  0.068571426
4.9	  0.052857142
5.0	  0.03857143
5.1	  0.02952381
5.2	  0.024285715
5.3	  0.018571429
5.4	  0.014761905
5.5	  0.012380952
5.6	  0.008571428
5.7	  0.006190476
5.8	  0.004285714
5.9	  0.004285714
6.0	  0.004285714
6.1	  0.0033333334
6.2	  9.5238094E-4
6.3	  9.5238094E-4
6.4	  9.5238094E-4
6.5	  9.5238094E-4
6.6	  9.5238094E-4
6.7	  9.5238094E-4
6.8	  9.5238094E-4
6.9	  9.5238094E-4
7.0	  9.5238094E-4
7.1	  4.7619047E-4
7.2	  0.0
7.3	  0.0
7.4	  0.0
7.5	  0.0
7.6	  0.0
7.7	  0.0
7.8	  0.0
7.9	  0.0
8.0	  0.0
8.1	  0.0
8.2	  0.0
8.3	  0.0
8.4	  0.0
8.5	  0.0
8.6	  0.0
8.7	  0.0
8.8	  0.0
8.9	  0.0
9.0	  0.0



DATASET #2

     Name: 2.5%,97.5%
   Points: 66
     Info: 

Data[x,y]:
2.5	  4.0
2.6	  3.0
2.7	  2.0
2.8	  1.0
2.9	  1.0
3.0	  0.0
3.1	  0.0
3.2	  0.0
3.3	  0.0
3.4	  0.0
3.5	  0.0
3.6	  0.0
3.7	  0.0
3.8	  0.0
3.9	  0.0
4.0	  0.0
4.1	  0.0
4.2	  0.0
4.3	  0.0
4.4	  0.0
4.5	  0.0
4.6	  0.0
4.7	  0.0
4.8	  0.0
4.9	  0.0
5.0	  0.0
5.1	  0.0
5.2	  0.0
5.3	  0.0
5.4	  0.0
5.5	  0.0
5.6	  0.0
5.7	  0.0
5.8	  0.0
5.9	  0.0
6.0	  0.0
6.1	  0.0
6.2	  0.0
6.3	  0.0
6.4	  0.0
6.5	  0.0
6.6	  0.0
6.7	  0.0
6.8	  0.0
6.9	  0.0
7.0	  0.0
7.1	  0.0
7.2	  0.0
7.3	  0.0
7.4	  0.0
7.5	  0.0
7.6	  0.0
7.7	  0.0
7.8	  0.0
7.9	  0.0
8.0	  0.0
8.1	  0.0
8.2	  0.0
8.3	  0.0
8.4	  0.0
8.5	  0.0
8.6	  0.0
8.7	  0.0
8.8	  0.0
8.9	  0.0
9.0	  0.0



DATASET #3

     Name: null
   Points: 66
     Info: 

Data[x,y]:
2.5	  30.0
2.6	  25.0
2.7	  20.0
2.8	  18.0
2.9	  14.0
3.0	  11.0
3.1	  9.0
3.2	  8.0
3.3	  7.0
3.4	  6.0
3.5	  5.0
3.6	  4.0
3.7	  3.0
3.8	  3.0
3.9	  3.0
4.0	  2.0
4.1	  2.0
4.2	  2.0
4.3	  2.0
4.4	  1.0
4.5	  1.0
4.6	  1.0
4.7	  1.0
4.8	  1.0
4.9	  1.0
5.0	  1.0
5.1	  1.0
5.2	  0.0
5.3	  0.0
5.4	  0.0
5.5	  0.0
5.6	  0.0
5.7	  0.0
5.8	  0.0
5.9	  0.0
6.0	  0.0
6.1	  0.0
6.2	  0.0
6.3	  0.0
6.4	  0.0
6.5	  0.0
6.6	  0.0
6.7	  0.0
6.8	  0.0
6.9	  0.0
7.0	  0.0
7.1	  0.0
7.2	  0.0
7.3	  0.0
7.4	  0.0
7.5	  0.0
7.6	  0.0
7.7	  0.0
7.8	  0.0
7.9	  0.0
8.0	  0.0
8.1	  0.0
8.2	  0.0
8.3	  0.0
8.4	  0.0
8.5	  0.0
8.6	  0.0
8.7	  0.0
8.8	  0.0
8.9	  0.0
9.0	  0.0



DATASET #4

     Name: Median
   Points: 66
     Info: 

Data[x,y]:
2.5	  11.0
2.6	  9.0
2.7	  7.0
2.8	  6.0
2.9	  4.0
3.0	  3.0
3.1	  3.0
3.2	  2.0
3.3	  2.0
3.4	  1.0
3.5	  1.0
3.6	  1.0
3.7	  1.0
3.8	  0.0
3.9	  0.0
4.0	  0.0
4.1	  0.0
4.2	  0.0
4.3	  0.0
4.4	  0.0
4.5	  0.0
4.6	  0.0
4.7	  0.0
4.8	  0.0
4.9	  0.0
5.0	  0.0
5.1	  0.0
5.2	  0.0
5.3	  0.0
5.4	  0.0
5.5	  0.0
5.6	  0.0
5.7	  0.0
5.8	  0.0
5.9	  0.0
6.0	  0.0
6.1	  0.0
6.2	  0.0
6.3	  0.0
6.4	  0.0
6.5	  0.0
6.6	  0.0
6.7	  0.0
6.8	  0.0
6.9	  0.0
7.0	  0.0
7.1	  0.0
7.2	  0.0
7.3	  0.0
7.4	  0.0
7.5	  0.0
7.6	  0.0
7.7	  0.0
7.8	  0.0
7.9	  0.0
8.0	  0.0
8.1	  0.0
8.2	  0.0
8.3	  0.0
8.4	  0.0
8.5	  0.0
8.6	  0.0
8.7	  0.0
8.8	  0.0
8.9	  0.0
9.0	  0.0



DATASET #5

     Name: Mode
   Points: 66
     Info: 

Data[x,y]:
2.5	  11.0
2.6	  8.0
2.7	  6.0
2.8	  6.0
2.9	  3.0
3.0	  2.0
3.1	  2.0
3.2	  2.0
3.3	  1.0
3.4	  1.0
3.5	  0.0
3.6	  0.0
3.7	  0.0
3.8	  0.0
3.9	  0.0
4.0	  0.0
4.1	  0.0
4.2	  0.0
4.3	  0.0
4.4	  0.0
4.5	  0.0
4.6	  0.0
4.7	  0.0
4.8	  0.0
4.9	  0.0
5.0	  0.0
5.1	  0.0
5.2	  0.0
5.3	  0.0
5.4	  0.0
5.5	  0.0
5.6	  0.0
5.7	  0.0
5.8	  0.0
5.9	  0.0
6.0	  0.0
6.1	  0.0
6.2	  0.0
6.3	  0.0
6.4	  0.0
6.5	  0.0
6.6	  0.0
6.7	  0.0
6.8	  0.0
6.9	  0.0
7.0	  0.0
7.1	  0.0
7.2	  0.0
7.3	  0.0
7.4	  0.0
7.5	  0.0
7.6	  0.0
7.7	  0.0
7.8	  0.0
7.9	  0.0
8.0	  0.0
8.1	  0.0
8.2	  0.0
8.3	  0.0
8.4	  0.0
8.5	  0.0
8.6	  0.0
8.7	  0.0
8.8	  0.0
8.9	  0.0
9.0	  0.0



DATASET #6

     Name: 1 d Prob
   Points: 66
     Info: 

Data[x,y]:
2.5	  1.0
2.6	  1.0
2.7	  0.99857146
2.8	  0.9938095
2.9	  0.9823809
3.0	  0.96
3.1	  0.92761904
3.2	  0.8752381
3.3	  0.80333334
3.4	  0.73142856
3.5	  0.65238094
3.6	  0.57285714
3.7	  0.50285715
3.8	  0.43285716
3.9	  0.3652381
4.0	  0.3109524
4.1	  0.25047618
4.2	  0.20190476
4.3	  0.16809523
4.4	  0.13190477
4.5	  0.108095236
4.6	  0.08523809
4.7	  0.07
4.8	  0.05666667
4.9	  0.044761904
5.0	  0.032380953
5.1	  0.025238095
5.2	  0.02047619
5.3	  0.015714286
5.4	  0.012380952
5.5	  0.01
5.6	  0.007142857
5.7	  0.0057142857
5.8	  0.004285714
5.9	  0.004285714
6.0	  0.004285714
6.1	  0.0033333334
6.2	  9.5238094E-4
6.3	  9.5238094E-4
6.4	  9.5238094E-4
6.5	  9.5238094E-4
6.6	  9.5238094E-4
6.7	  9.5238094E-4
6.8	  9.5238094E-4
6.9	  9.5238094E-4
7.0	  9.5238094E-4
7.1	  4.7619047E-4
7.2	  0.0
7.3	  0.0
7.4	  0.0
7.5	  0.0
7.6	  0.0
7.7	  0.0
7.8	  0.0
7.9	  0.0
8.0	  0.0
8.1	  0.0
8.2	  0.0
8.3	  0.0
8.4	  0.0
8.5	  0.0
8.6	  0.0
8.7	  0.0
8.8	  0.0
8.9	  0.0
9.0	  0.0



DATASET #7

Name: 95% Conf
Num Points: 66
Info: 

X, Y Data:
2.5	1.0	[1.0	1.0]
2.6	1.0	[1.0	1.0]
2.7	0.99857146	[0.9954571	0.999631]
2.8	0.9938095	[0.9891381	0.996554]
2.9	0.9823809	[0.97553533	0.98739135]
3.0	0.96	[0.950483	0.96778965]
3.1	0.92761904	[0.91548383	0.93815917]
3.2	0.8752381	[0.8601665	0.88891625]
3.3	0.80333334	[0.7855401	0.8200033]
3.4	0.73142856	[0.71181893	0.7501824]
3.5	0.65238094	[0.6315105	0.6726884]
3.6	0.57285714	[0.5513468	0.59409845]
3.7	0.50285715	[0.48124874	0.524455]
3.8	0.43285716	[0.41157082	0.45439145]
3.9	0.3652381	[0.34467274	0.38630128]
4.0	0.3109524	[0.29128128	0.33132216]
4.1	0.25047618	[0.23217933	0.269696]
4.2	0.20190476	[0.18505692	0.2198563]
4.3	0.16809523	[0.15248163	0.18493898]
4.4	0.13190477	[0.11787483	0.14730105]
4.5	0.108095236	[0.095298514	0.12234879]
4.6	0.08523809	[0.07381665	0.09820436]
4.7	0.07	[0.05963352	0.081970975]
4.8	0.05666667	[0.0473451	0.06764609]
4.9	0.044761904	[0.036502704	0.054728147]
5.0	0.032380953	[0.025411917	0.041111045]
5.1	0.025238095	[0.019139728	0.03313126]
5.2	0.02047619	[0.0150334975	0.027738163]
5.3	0.015714286	[0.011012579	0.022262618]
5.4	0.012380952	[0.0082695335	0.01836117]
5.5	0.01	[0.0063614394	0.015525923]
5.6	0.007142857	[0.0041538915	0.0120470645]
5.7	0.0057142857	[0.0030989237	0.010263048]
5.8	0.004285714	[0.0020929573	0.008435475]
5.9	0.004285714	[0.0020929573	0.008435475]
6.0	0.004285714	[0.0020929573	0.008435475]
6.1	0.0033333334	[0.0014613894	0.007183418]
6.2	9.5238094E-4	[1.6497425E-4	0.0038335838]
6.3	9.5238094E-4	[1.6497425E-4	0.0038335838]
6.4	9.5238094E-4	[1.6497425E-4	0.0038335838]
6.5	9.5238094E-4	[1.6497425E-4	0.0038335838]
6.6	9.5238094E-4	[1.6497425E-4	0.0038335838]
6.7	9.5238094E-4	[1.6497425E-4	0.0038335838]
6.8	9.5238094E-4	[1.6497425E-4	0.0038335838]
6.9	9.5238094E-4	[1.6497425E-4	0.0038335838]
7.0	9.5238094E-4	[1.6497425E-4	0.0038335838]
7.1	4.7619047E-4	[2.4856972E-5	0.0030869816]
7.2	0.0	[0.0	0.002276457]
7.3	0.0	[0.0	0.002276457]
7.4	0.0	[0.0	0.002276457]
7.5	0.0	[0.0	0.002276457]
7.6	0.0	[0.0	0.002276457]
7.7	0.0	[0.0	0.002276457]
7.8	0.0	[0.0	0.002276457]
7.9	0.0	[0.0	0.002276457]
8.0	0.0	[0.0	0.002276457]
8.1	0.0	[0.0	0.002276457]
8.2	0.0	[0.0	0.002276457]
8.3	0.0	[0.0	0.002276457]
8.4	0.0	[0.0	0.0]
8.5	0.0	[0.0	0.0]
8.6	0.0	[0.0	0.0]
8.7	0.0	[0.0	0.0]
8.8	0.0	[0.0	0.0]
8.9	0.0	[0.0	0.0]
9.0	0.0	[0.0	0.0]



DATASET #8

     Name: Supra
   Points: 66
     Info: 

Data[x,y]:
2.5	  0.0019047619
2.6	  0.0019047619
2.7	  0.0019047619
2.8	  0.0019047619
2.9	  0.0019047619
3.0	  0.0019047619
3.1	  0.0019047619
3.2	  0.0019047619
3.3	  0.0019047619
3.4	  0.0019047619
3.5	  0.0019047619
3.6	  0.0019047619
3.7	  0.0019047619
3.8	  0.0019047619
3.9	  0.0019047619
4.0	  0.0019047619
4.1	  0.0019047619
4.2	  0.0019047619
4.3	  0.0019047619
4.4	  0.0019047619
4.5	  0.0019047619
4.6	  0.0019047619
4.7	  0.0019047619
4.8	  0.0019047619
4.9	  0.0019047619
5.0	  0.0019047619
5.1	  0.0019047619
5.2	  0.0019047619
5.3	  0.0019047619
5.4	  0.0019047619
5.5	  0.0019047619
5.6	  0.0019047619
5.7	  0.0019047619
5.8	  0.0019047619
5.9	  0.0019047619
6.0	  0.0019047619
6.1	  0.0014285714
6.2	  4.7619047E-4
6.3	  4.7619047E-4
6.4	  4.7619047E-4
6.5	  4.7619047E-4
6.6	  4.7619047E-4
6.7	  4.7619047E-4
6.8	  4.7619047E-4
6.9	  4.7619047E-4
7.0	  4.7619047E-4
7.1	  4.7619047E-4
7.2	  0.0
7.3	  0.0
7.4	  0.0
7.5	  0.0
7.6	  0.0
7.7	  0.0
7.8	  0.0
7.9	  0.0
8.0	  0.0
8.1	  0.0
8.2	  0.0
8.3	  0.0
8.4	  0.0
8.5	  0.0
8.6	  0.0
8.7	  0.0
8.8	  0.0
8.9	  0.0
9.0	  0.0



DATASET #9

     Name: Primary
   Points: 66
     Info: 

Data[x,y]:
2.5	  9.075238
2.6	  7.195238
2.7	  5.733333
2.8	  4.58
2.9	  3.6557143
3.0	  2.8995237
3.1	  2.3228571
3.2	  1.8480952
3.3	  1.4576191
3.4	  1.1619048
3.5	  0.94142854
3.6	  0.7519048
3.7	  0.6042857
3.8	  0.48238096
3.9	  0.38380954
4.0	  0.30761904
4.1	  0.23952381
4.2	  0.18666667
4.3	  0.14761905
4.4	  0.11523809
4.5	  0.09428571
4.6	  0.07333333
4.7	  0.058571428
4.8	  0.045714285
4.9	  0.037142858
5.0	  0.027142856
5.1	  0.020952381
5.2	  0.016666668
5.3	  0.012857143
5.4	  0.00952381
5.5	  0.007142857
5.6	  0.004285714
5.7	  0.0033333334
5.8	  0.0028571428
5.9	  0.0028571428
6.0	  0.0028571428
6.1	  0.0023809525
6.2	  4.7619047E-4
6.3	  4.7619047E-4
6.4	  4.7619047E-4
6.5	  4.7619047E-4
6.6	  4.7619047E-4
6.7	  4.7619047E-4
6.8	  4.7619047E-4
6.9	  4.7619047E-4
7.0	  4.7619047E-4
7.1	  0.0
7.2	  0.0
7.3	  0.0
7.4	  0.0
7.5	  0.0
7.6	  0.0
7.7	  0.0
7.8	  0.0
7.9	  0.0
8.0	  0.0
8.1	  0.0
8.2	  0.0
8.3	  0.0
8.4	  0.0
8.5	  0.0
8.6	  0.0
8.7	  0.0
8.8	  0.0
8.9	  0.0
9.0	  0.0


