
X-Axis: Magnitude
Y-Axis: 1 Month Cumulative Number
Number of Data Sets: 9


DATASET #1

     Name: Mean
   Points: 66
     Info: 

Data[x,y]:
2.5	  81.795235
2.6	  64.977615
2.7	  51.65381
2.8	  41.032856
2.9	  32.610477
3.0	  25.916666
3.1	  20.534761
3.2	  16.34238
3.3	  12.959524
3.4	  10.285714
3.5	  8.187143
3.6	  6.490476
3.7	  5.217143
3.8	  4.122857
3.9	  3.2933333
4.0	  2.6190476
4.1	  2.0795238
4.2	  1.6333333
4.3	  1.2971429
4.4	  1.0109524
4.5	  0.80857146
4.6	  0.6509524
4.7	  0.50333333
4.8	  0.3947619
4.9	  0.3138095
5.0	  0.23952381
5.1	  0.1947619
5.2	  0.15857142
5.3	  0.123333335
5.4	  0.101904765
5.5	  0.08523809
5.6	  0.06285714
5.7	  0.04904762
5.8	  0.035714287
5.9	  0.025714286
6.0	  0.01904762
6.1	  0.014761905
6.2	  0.010476191
6.3	  0.00952381
6.4	  0.0076190475
6.5	  0.0052380953
6.6	  0.004761905
6.7	  0.004761905
6.8	  0.0038095238
6.9	  0.0028571428
7.0	  0.0028571428
7.1	  0.0023809525
7.2	  0.0019047619
7.3	  0.0019047619
7.4	  0.0014285714
7.5	  0.0014285714
7.6	  9.5238094E-4
7.7	  0.0
7.8	  0.0
7.9	  0.0
8.0	  0.0
8.1	  0.0
8.2	  0.0
8.3	  0.0
8.4	  0.0
8.5	  0.0
8.6	  0.0
8.7	  0.0
8.8	  0.0
8.9	  0.0
9.0	  0.0



DATASET #2

     Name: 2.5%,97.5%
   Points: 66
     Info: 

Data[x,y]:
2.5	  35.0
2.6	  27.0
2.7	  20.0
2.8	  15.0
2.9	  11.0
3.0	  8.0
3.1	  6.0
3.2	  4.0
3.3	  3.0
3.4	  2.0
3.5	  1.0
3.6	  0.0
3.7	  0.0
3.8	  0.0
3.9	  0.0
4.0	  0.0
4.1	  0.0
4.2	  0.0
4.3	  0.0
4.4	  0.0
4.5	  0.0
4.6	  0.0
4.7	  0.0
4.8	  0.0
4.9	  0.0
5.0	  0.0
5.1	  0.0
5.2	  0.0
5.3	  0.0
5.4	  0.0
5.5	  0.0
5.6	  0.0
5.7	  0.0
5.8	  0.0
5.9	  0.0
6.0	  0.0
6.1	  0.0
6.2	  0.0
6.3	  0.0
6.4	  0.0
6.5	  0.0
6.6	  0.0
6.7	  0.0
6.8	  0.0
6.9	  0.0
7.0	  0.0
7.1	  0.0
7.2	  0.0
7.3	  0.0
7.4	  0.0
7.5	  0.0
7.6	  0.0
7.7	  0.0
7.8	  0.0
7.9	  0.0
8.0	  0.0
8.1	  0.0
8.2	  0.0
8.3	  0.0
8.4	  0.0
8.5	  0.0
8.6	  0.0
8.7	  0.0
8.8	  0.0
8.9	  0.0
9.0	  0.0



DATASET #3

     Name: null
   Points: 66
     Info: 

Data[x,y]:
2.5	  213.0
2.6	  167.0
2.7	  136.0
2.8	  108.0
2.9	  87.0
3.0	  68.0
3.1	  53.0
3.2	  44.0
3.3	  34.0
3.4	  29.0
3.5	  22.0
3.6	  18.0
3.7	  15.0
3.8	  12.0
3.9	  10.0
4.0	  8.0
4.1	  7.0
4.2	  6.0
4.3	  5.0
4.4	  4.0
4.5	  4.0
4.6	  3.0
4.7	  3.0
4.8	  2.0
4.9	  2.0
5.0	  2.0
5.1	  2.0
5.2	  1.0
5.3	  1.0
5.4	  1.0
5.5	  1.0
5.6	  1.0
5.7	  1.0
5.8	  1.0
5.9	  0.0
6.0	  0.0
6.1	  0.0
6.2	  0.0
6.3	  0.0
6.4	  0.0
6.5	  0.0
6.6	  0.0
6.7	  0.0
6.8	  0.0
6.9	  0.0
7.0	  0.0
7.1	  0.0
7.2	  0.0
7.3	  0.0
7.4	  0.0
7.5	  0.0
7.6	  0.0
7.7	  0.0
7.8	  0.0
7.9	  0.0
8.0	  0.0
8.1	  0.0
8.2	  0.0
8.3	  0.0
8.4	  0.0
8.5	  0.0
8.6	  0.0
8.7	  0.0
8.8	  0.0
8.9	  0.0
9.0	  0.0



DATASET #4

     Name: Median
   Points: 66
     Info: 

Data[x,y]:
2.5	  54.0
2.6	  43.0
2.7	  34.0
2.8	  27.0
2.9	  22.0
3.0	  17.0
3.1	  14.0
3.2	  11.0
3.3	  8.0
3.4	  7.0
3.5	  5.0
3.6	  4.0
3.7	  3.0
3.8	  3.0
3.9	  2.0
4.0	  2.0
4.1	  1.0
4.2	  1.0
4.3	  1.0
4.4	  0.0
4.5	  0.0
4.6	  0.0
4.7	  0.0
4.8	  0.0
4.9	  0.0
5.0	  0.0
5.1	  0.0
5.2	  0.0
5.3	  0.0
5.4	  0.0
5.5	  0.0
5.6	  0.0
5.7	  0.0
5.8	  0.0
5.9	  0.0
6.0	  0.0
6.1	  0.0
6.2	  0.0
6.3	  0.0
6.4	  0.0
6.5	  0.0
6.6	  0.0
6.7	  0.0
6.8	  0.0
6.9	  0.0
7.0	  0.0
7.1	  0.0
7.2	  0.0
7.3	  0.0
7.4	  0.0
7.5	  0.0
7.6	  0.0
7.7	  0.0
7.8	  0.0
7.9	  0.0
8.0	  0.0
8.1	  0.0
8.2	  0.0
8.3	  0.0
8.4	  0.0
8.5	  0.0
8.6	  0.0
8.7	  0.0
8.8	  0.0
8.9	  0.0
9.0	  0.0



DATASET #5

     Name: Mode
   Points: 66
     Info: 

Data[x,y]:
2.5	  46.0
2.6	  39.0
2.7	  32.0
2.8	  23.0
2.9	  19.0
3.0	  14.0
3.1	  11.0
3.2	  10.0
3.3	  8.0
3.4	  6.0
3.5	  4.0
3.6	  4.0
3.7	  3.0
3.8	  2.0
3.9	  1.0
4.0	  1.0
4.1	  1.0
4.2	  0.0
4.3	  0.0
4.4	  0.0
4.5	  0.0
4.6	  0.0
4.7	  0.0
4.8	  0.0
4.9	  0.0
5.0	  0.0
5.1	  0.0
5.2	  0.0
5.3	  0.0
5.4	  0.0
5.5	  0.0
5.6	  0.0
5.7	  0.0
5.8	  0.0
5.9	  0.0
6.0	  0.0
6.1	  0.0
6.2	  0.0
6.3	  0.0
6.4	  0.0
6.5	  0.0
6.6	  0.0
6.7	  0.0
6.8	  0.0
6.9	  0.0
7.0	  0.0
7.1	  0.0
7.2	  0.0
7.3	  0.0
7.4	  0.0
7.5	  0.0
7.6	  0.0
7.7	  0.0
7.8	  0.0
7.9	  0.0
8.0	  0.0
8.1	  0.0
8.2	  0.0
8.3	  0.0
8.4	  0.0
8.5	  0.0
8.6	  0.0
8.7	  0.0
8.8	  0.0
8.9	  0.0
9.0	  0.0



DATASET #6

     Name: 1 mo Prob
   Points: 66
     Info: 

Data[x,y]:
2.5	  1.0
2.6	  1.0
2.7	  1.0
2.8	  1.0
2.9	  1.0
3.0	  1.0
3.1	  1.0
3.2	  1.0
3.3	  1.0
3.4	  0.99904764
3.5	  0.98714286
3.6	  0.9728571
3.7	  0.94666666
3.8	  0.90380955
3.9	  0.8561905
4.0	  0.7904762
4.1	  0.7128571
4.2	  0.6319048
4.3	  0.55142856
4.4	  0.46571428
4.5	  0.40333334
4.6	  0.34380952
4.7	  0.27761903
4.8	  0.23095238
4.9	  0.18857142
5.0	  0.14904761
5.1	  0.1247619
5.2	  0.10380952
5.3	  0.08571429
5.4	  0.07285714
5.5	  0.061428573
5.6	  0.046666667
5.7	  0.037142858
5.8	  0.028571429
5.9	  0.02047619
6.0	  0.015714286
6.1	  0.012380952
6.2	  0.009047619
6.3	  0.008571428
6.4	  0.006666667
6.5	  0.0052380953
6.6	  0.004761905
6.7	  0.004761905
6.8	  0.0038095238
6.9	  0.0028571428
7.0	  0.0028571428
7.1	  0.0023809525
7.2	  0.0019047619
7.3	  0.0019047619
7.4	  0.0014285714
7.5	  0.0014285714
7.6	  9.5238094E-4
7.7	  0.0
7.8	  0.0
7.9	  0.0
8.0	  0.0
8.1	  0.0
8.2	  0.0
8.3	  0.0
8.4	  0.0
8.5	  0.0
8.6	  0.0
8.7	  0.0
8.8	  0.0
8.9	  0.0
9.0	  0.0



DATASET #7

Name: 95% Conf
Num Points: 66
Info: 

X, Y Data:
2.5	1.0	[1.0	1.0]
2.6	1.0	[1.0	1.0]
2.7	1.0	[1.0	1.0]
2.8	1.0	[1.0	1.0]
2.9	1.0	[1.0	1.0]
3.0	1.0	[1.0	1.0]
3.1	1.0	[1.0	1.0]
3.2	1.0	[1.0	1.0]
3.3	1.0	[1.0	1.0]
3.4	0.99904764	[0.9961664	0.999835]
3.5	0.98714286	[0.98107713	0.99134314]
3.6	0.9728571	[0.9647294	0.97919935]
3.7	0.94666666	[0.935957	0.95570487]
3.8	0.90380955	[0.89019954	0.91591704]
3.9	0.8561905	[0.84028363	0.87077594]
4.0	0.7904762	[0.7723023	0.80757475]
4.1	0.7128571	[0.6928891	0.73203826]
4.2	0.6319048	[0.61081314	0.65250915]
4.3	0.55142856	[0.5298433	0.572824]
4.4	0.46571428	[0.4442243	0.48733085]
4.5	0.40333334	[0.38231072	0.42471296]
4.6	0.34380952	[0.3235618	0.36463434]
4.7	0.27761903	[0.2586519	0.2974084]
4.8	0.23095238	[0.21319687	0.2497034]
4.9	0.18857142	[0.17218561	0.20611075]
5.0	0.14904761	[0.13422906	0.16516784]
5.1	0.1247619	[0.11108372	0.1398335]
5.2	0.10380952	[0.0912547	0.11783756]
5.3	0.08571429	[0.07426186	0.09870968]
5.4	0.07285714	[0.062282722	0.08502478]
5.5	0.061428573	[0.05171855	0.072777234]
5.6	0.046666667	[0.038227502	0.05680487]
5.7	0.037142858	[0.029650003	0.046375502]
5.8	0.028571429	[0.0220523	0.03686927]
5.9	0.02047619	[0.0150334975	0.027738163]
6.0	0.015714286	[0.011012579	0.022262618]
6.1	0.012380952	[0.0082695335	0.01836117]
6.2	0.009047619	[0.0056138965	0.014377121]
6.3	0.008571428	[0.005244158	0.013798972]
6.4	0.006666667	[0.003797786	0.0114564095]
6.5	0.0052380953	[0.002757235	0.009659451]
6.6	0.004761905	[0.0024216163	0.009050498]
6.7	0.004761905	[0.0024216163	0.009050498]
6.8	0.0038095238	[0.0017723889	0.007813492]
6.9	0.0028571428	[0.001161952	0.006543776]
7.0	0.0028571428	[0.001161952	0.006543776]
7.1	0.0023809525	[8.768797E-4	0.0058925715]
7.2	0.0019047619	[6.10338E-4	0.005227002]
7.3	0.0019047619	[6.10338E-4	0.005227002]
7.4	0.0014285714	[3.690139E-4	0.0045429016]
7.5	0.0014285714	[3.690139E-4	0.0045429016]
7.6	9.5238094E-4	[1.6497425E-4	0.0038335838]
7.7	0.0	[0.0	0.002276457]
7.8	0.0	[0.0	0.002276457]
7.9	0.0	[0.0	0.002276457]
8.0	0.0	[0.0	0.002276457]
8.1	0.0	[0.0	0.002276457]
8.2	0.0	[0.0	0.002276457]
8.3	0.0	[0.0	0.002276457]
8.4	0.0	[0.0	0.0]
8.5	0.0	[0.0	0.0]
8.6	0.0	[0.0	0.0]
8.7	0.0	[0.0	0.0]
8.8	0.0	[0.0	0.0]
8.9	0.0	[0.0	0.0]
9.0	0.0	[0.0	0.0]



DATASET #8

     Name: Supra
   Points: 66
     Info: 

Data[x,y]:
2.5	  0.008095238
2.6	  0.008095238
2.7	  0.008095238
2.8	  0.008095238
2.9	  0.008095238
3.0	  0.008095238
3.1	  0.008095238
3.2	  0.008095238
3.3	  0.008095238
3.4	  0.008095238
3.5	  0.008095238
3.6	  0.008095238
3.7	  0.008095238
3.8	  0.008095238
3.9	  0.008095238
4.0	  0.008095238
4.1	  0.008095238
4.2	  0.008095238
4.3	  0.008095238
4.4	  0.008095238
4.5	  0.008095238
4.6	  0.008095238
4.7	  0.008095238
4.8	  0.008095238
4.9	  0.008095238
5.0	  0.008095238
5.1	  0.008095238
5.2	  0.008095238
5.3	  0.008095238
5.4	  0.008095238
5.5	  0.008095238
5.6	  0.008095238
5.7	  0.008095238
5.8	  0.008095238
5.9	  0.008095238
6.0	  0.008095238
6.1	  0.0076190475
6.2	  0.006190476
6.3	  0.0057142857
6.4	  0.004761905
6.5	  0.004285714
6.6	  0.0038095238
6.7	  0.0038095238
6.8	  0.0033333334
6.9	  0.0023809525
7.0	  0.0023809525
7.1	  0.0023809525
7.2	  0.0019047619
7.3	  0.0019047619
7.4	  0.0014285714
7.5	  0.0014285714
7.6	  9.5238094E-4
7.7	  0.0
7.8	  0.0
7.9	  0.0
8.0	  0.0
8.1	  0.0
8.2	  0.0
8.3	  0.0
8.4	  0.0
8.5	  0.0
8.6	  0.0
8.7	  0.0
8.8	  0.0
8.9	  0.0
9.0	  0.0



DATASET #9

     Name: Primary
   Points: 66
     Info: 

Data[x,y]:
2.5	  40.11905
2.6	  31.829523
2.7	  25.35
2.8	  20.197144
2.9	  16.024761
3.0	  12.750953
3.1	  10.105238
3.2	  8.04
3.3	  6.3961906
3.4	  5.092381
3.5	  4.04
3.6	  3.2009523
3.7	  2.565238
3.8	  2.0371428
3.9	  1.6271429
4.0	  1.2895238
4.1	  1.0261905
4.2	  0.81
4.3	  0.64619046
4.4	  0.5042857
4.5	  0.41380954
4.6	  0.33238095
4.7	  0.2547619
4.8	  0.19809523
4.9	  0.15904762
5.0	  0.12190476
5.1	  0.10047619
5.2	  0.08
5.3	  0.066190474
5.4	  0.055238094
5.5	  0.045714285
5.6	  0.032380953
5.7	  0.028095238
5.8	  0.020952381
5.9	  0.014761905
6.0	  0.011428571
6.1	  0.009047619
6.2	  0.0057142857
6.3	  0.0052380953
6.4	  0.0038095238
6.5	  0.0023809525
6.6	  0.0023809525
6.7	  0.0023809525
6.8	  0.0023809525
6.9	  0.0019047619
7.0	  0.0019047619
7.1	  0.0014285714
7.2	  0.0014285714
7.3	  0.0014285714
7.4	  9.5238094E-4
7.5	  9.5238094E-4
7.6	  9.5238094E-4
7.7	  0.0
7.8	  0.0
7.9	  0.0
8.0	  0.0
8.1	  0.0
8.2	  0.0
8.3	  0.0
8.4	  0.0
8.5	  0.0
8.6	  0.0
8.7	  0.0
8.8	  0.0
8.9	  0.0
9.0	  0.0


