
X-Axis: Magnitude
Y-Axis: 1 Week Cumulative Number
Number of Data Sets: 9


DATASET #1

     Name: Mean
   Points: 66
     Info: 

Data[x,y]:
2.5	  40.811905
2.6	  32.353333
2.7	  25.73381
2.8	  20.429523
2.9	  16.27
3.0	  12.93
3.1	  10.251429
3.2	  8.151428
3.3	  6.455238
3.4	  5.128095
3.5	  4.1033335
3.6	  3.2680953
3.7	  2.622381
3.8	  2.0638096
3.9	  1.6280953
4.0	  1.3023809
4.1	  1.0466666
4.2	  0.8095238
4.3	  0.64
4.4	  0.49285713
4.5	  0.39619046
4.6	  0.31857142
4.7	  0.24857143
4.8	  0.19714285
4.9	  0.15476191
5.0	  0.114285715
5.1	  0.087142855
5.2	  0.06952381
5.3	  0.055238094
5.4	  0.046190478
5.5	  0.03952381
5.6	  0.02904762
5.7	  0.022380952
5.8	  0.017619047
5.9	  0.013809524
6.0	  0.011428571
6.1	  0.009047619
6.2	  0.0057142857
6.3	  0.0052380953
6.4	  0.004285714
6.5	  0.0033333334
6.6	  0.0033333334
6.7	  0.0033333334
6.8	  0.0033333334
6.9	  0.0023809525
7.0	  0.0023809525
7.1	  0.0019047619
7.2	  0.0014285714
7.3	  0.0014285714
7.4	  9.5238094E-4
7.5	  9.5238094E-4
7.6	  4.7619047E-4
7.7	  0.0
7.8	  0.0
7.9	  0.0
8.0	  0.0
8.1	  0.0
8.2	  0.0
8.3	  0.0
8.4	  0.0
8.5	  0.0
8.6	  0.0
8.7	  0.0
8.8	  0.0
8.9	  0.0
9.0	  0.0



DATASET #2

     Name: 2.5%,97.5%
   Points: 66
     Info: 

Data[x,y]:
2.5	  15.0
2.6	  11.0
2.7	  8.0
2.8	  6.0
2.9	  4.0
3.0	  3.0
3.1	  2.0
3.2	  1.0
3.3	  0.0
3.4	  0.0
3.5	  0.0
3.6	  0.0
3.7	  0.0
3.8	  0.0
3.9	  0.0
4.0	  0.0
4.1	  0.0
4.2	  0.0
4.3	  0.0
4.4	  0.0
4.5	  0.0
4.6	  0.0
4.7	  0.0
4.8	  0.0
4.9	  0.0
5.0	  0.0
5.1	  0.0
5.2	  0.0
5.3	  0.0
5.4	  0.0
5.5	  0.0
5.6	  0.0
5.7	  0.0
5.8	  0.0
5.9	  0.0
6.0	  0.0
6.1	  0.0
6.2	  0.0
6.3	  0.0
6.4	  0.0
6.5	  0.0
6.6	  0.0
6.7	  0.0
6.8	  0.0
6.9	  0.0
7.0	  0.0
7.1	  0.0
7.2	  0.0
7.3	  0.0
7.4	  0.0
7.5	  0.0
7.6	  0.0
7.7	  0.0
7.8	  0.0
7.9	  0.0
8.0	  0.0
8.1	  0.0
8.2	  0.0
8.3	  0.0
8.4	  0.0
8.5	  0.0
8.6	  0.0
8.7	  0.0
8.8	  0.0
8.9	  0.0
9.0	  0.0



DATASET #3

     Name: null
   Points: 66
     Info: 

Data[x,y]:
2.5	  88.0
2.6	  69.0
2.7	  59.0
2.8	  46.0
2.9	  38.0
3.0	  30.0
3.1	  23.0
3.2	  19.0
3.3	  15.0
3.4	  13.0
3.5	  10.0
3.6	  9.0
3.7	  8.0
3.8	  6.0
3.9	  5.0
4.0	  5.0
4.1	  4.0
4.2	  3.0
4.3	  3.0
4.4	  3.0
4.5	  2.0
4.6	  2.0
4.7	  2.0
4.8	  1.0
4.9	  1.0
5.0	  1.0
5.1	  1.0
5.2	  1.0
5.3	  1.0
5.4	  1.0
5.5	  1.0
5.6	  0.0
5.7	  0.0
5.8	  0.0
5.9	  0.0
6.0	  0.0
6.1	  0.0
6.2	  0.0
6.3	  0.0
6.4	  0.0
6.5	  0.0
6.6	  0.0
6.7	  0.0
6.8	  0.0
6.9	  0.0
7.0	  0.0
7.1	  0.0
7.2	  0.0
7.3	  0.0
7.4	  0.0
7.5	  0.0
7.6	  0.0
7.7	  0.0
7.8	  0.0
7.9	  0.0
8.0	  0.0
8.1	  0.0
8.2	  0.0
8.3	  0.0
8.4	  0.0
8.5	  0.0
8.6	  0.0
8.7	  0.0
8.8	  0.0
8.9	  0.0
9.0	  0.0



DATASET #4

     Name: Median
   Points: 66
     Info: 

Data[x,y]:
2.5	  27.0
2.6	  21.0
2.7	  17.0
2.8	  13.0
2.9	  11.0
3.0	  8.0
3.1	  7.0
3.2	  5.0
3.3	  4.0
3.4	  3.0
3.5	  3.0
3.6	  2.0
3.7	  2.0
3.8	  1.0
3.9	  1.0
4.0	  1.0
4.1	  0.0
4.2	  0.0
4.3	  0.0
4.4	  0.0
4.5	  0.0
4.6	  0.0
4.7	  0.0
4.8	  0.0
4.9	  0.0
5.0	  0.0
5.1	  0.0
5.2	  0.0
5.3	  0.0
5.4	  0.0
5.5	  0.0
5.6	  0.0
5.7	  0.0
5.8	  0.0
5.9	  0.0
6.0	  0.0
6.1	  0.0
6.2	  0.0
6.3	  0.0
6.4	  0.0
6.5	  0.0
6.6	  0.0
6.7	  0.0
6.8	  0.0
6.9	  0.0
7.0	  0.0
7.1	  0.0
7.2	  0.0
7.3	  0.0
7.4	  0.0
7.5	  0.0
7.6	  0.0
7.7	  0.0
7.8	  0.0
7.9	  0.0
8.0	  0.0
8.1	  0.0
8.2	  0.0
8.3	  0.0
8.4	  0.0
8.5	  0.0
8.6	  0.0
8.7	  0.0
8.8	  0.0
8.9	  0.0
9.0	  0.0



DATASET #5

     Name: Mode
   Points: 66
     Info: 

Data[x,y]:
2.5	  24.0
2.6	  20.0
2.7	  15.0
2.8	  12.0
2.9	  10.0
3.0	  8.0
3.1	  5.0
3.2	  4.0
3.3	  3.0
3.4	  3.0
3.5	  2.0
3.6	  1.0
3.7	  1.0
3.8	  0.0
3.9	  0.0
4.0	  0.0
4.1	  0.0
4.2	  0.0
4.3	  0.0
4.4	  0.0
4.5	  0.0
4.6	  0.0
4.7	  0.0
4.8	  0.0
4.9	  0.0
5.0	  0.0
5.1	  0.0
5.2	  0.0
5.3	  0.0
5.4	  0.0
5.5	  0.0
5.6	  0.0
5.7	  0.0
5.8	  0.0
5.9	  0.0
6.0	  0.0
6.1	  0.0
6.2	  0.0
6.3	  0.0
6.4	  0.0
6.5	  0.0
6.6	  0.0
6.7	  0.0
6.8	  0.0
6.9	  0.0
7.0	  0.0
7.1	  0.0
7.2	  0.0
7.3	  0.0
7.4	  0.0
7.5	  0.0
7.6	  0.0
7.7	  0.0
7.8	  0.0
7.9	  0.0
8.0	  0.0
8.1	  0.0
8.2	  0.0
8.3	  0.0
8.4	  0.0
8.5	  0.0
8.6	  0.0
8.7	  0.0
8.8	  0.0
8.9	  0.0
9.0	  0.0



DATASET #6

     Name: 1 wk Prob
   Points: 66
     Info: 

Data[x,y]:
2.5	  1.0
2.6	  1.0
2.7	  1.0
2.8	  1.0
2.9	  0.9995238
3.0	  0.9995238
3.1	  0.99714285
3.2	  0.99
3.3	  0.97238094
3.4	  0.9538095
3.5	  0.9114286
3.6	  0.8552381
3.7	  0.7866667
3.8	  0.70047617
3.9	  0.62714285
4.0	  0.5485714
4.1	  0.46714285
4.2	  0.38904762
4.3	  0.33142856
4.4	  0.26238096
4.5	  0.22190475
4.6	  0.18380952
4.7	  0.15095238
4.8	  0.12571429
4.9	  0.10380952
5.0	  0.07666667
5.1	  0.06047619
5.2	  0.04904762
5.3	  0.04047619
5.4	  0.033333335
5.5	  0.028571429
5.6	  0.021904763
5.7	  0.018095238
5.8	  0.014761905
5.9	  0.011428571
6.0	  0.01
6.1	  0.008095238
6.2	  0.0057142857
6.3	  0.0052380953
6.4	  0.004285714
6.5	  0.0033333334
6.6	  0.0033333334
6.7	  0.0033333334
6.8	  0.0033333334
6.9	  0.0023809525
7.0	  0.0023809525
7.1	  0.0019047619
7.2	  0.0014285714
7.3	  0.0014285714
7.4	  9.5238094E-4
7.5	  9.5238094E-4
7.6	  4.7619047E-4
7.7	  0.0
7.8	  0.0
7.9	  0.0
8.0	  0.0
8.1	  0.0
8.2	  0.0
8.3	  0.0
8.4	  0.0
8.5	  0.0
8.6	  0.0
8.7	  0.0
8.8	  0.0
8.9	  0.0
9.0	  0.0



DATASET #7

Name: 95% Conf
Num Points: 66
Info: 

X, Y Data:
2.5	1.0	[1.0	1.0]
2.6	1.0	[1.0	1.0]
2.7	1.0	[1.0	1.0]
2.8	1.0	[1.0	1.0]
2.9	0.9995238	[0.996913	0.99997514]
3.0	0.9995238	[0.996913	0.99997514]
3.1	0.99714285	[0.99345624	0.99883807]
3.2	0.99	[0.98447406	0.9936386]
3.3	0.97238094	[0.964196	0.97878265]
3.4	0.9538095	[0.9437139	0.9622041]
3.5	0.9114286	[0.89826065	0.9230646]
3.6	0.8552381	[0.839292	0.86986643]
3.7	0.7866667	[0.7683851	0.80388707]
3.8	0.70047617	[0.6802914	0.71992]
3.9	0.62714285	[0.60600555	0.6478105]
4.0	0.5485714	[0.52697915	0.5699844]
4.1	0.46714285	[0.44564614	0.4887609]
4.2	0.38904762	[0.36818075	0.4103243]
4.3	0.33142856	[0.31138507	0.35209495]
4.4	0.26238096	[0.2437788	0.28186187]
4.5	0.22190475	[0.20441827	0.24042045]
4.6	0.18380952	[0.16759625	0.2011941]
4.7	0.15095238	[0.13605067	0.16714859]
4.8	0.12571429	[0.11198836	0.14083001]
4.9	0.10380952	[0.0912547	0.11783756]
5.0	0.07666667	[0.06582264	0.08908894]
5.1	0.06047619	[0.050842404	0.071752444]
5.2	0.04904762	[0.04038924	0.059395116]
5.3	0.04047619	[0.032638256	0.050039425]
5.4	0.033333335	[0.026256343	0.042167064]
5.5	0.028571429	[0.0220523	0.03686927]
5.6	0.021904763	[0.016257675	0.029363552]
5.7	0.018095238	[0.013010418	0.02501254]
5.8	0.014761905	[0.0102217365	0.0211547]
5.9	0.011428571	[0.0075002736	0.01723274]
6.0	0.01	[0.0063614394	0.015525923]
6.1	0.008095238	[0.004877399	0.0132180685]
6.2	0.0057142857	[0.0030989237	0.010263048]
6.3	0.0052380953	[0.002757235	0.009659451]
6.4	0.004285714	[0.0020929573	0.008435475]
6.5	0.0033333334	[0.0014613894	0.007183418]
6.6	0.0033333334	[0.0014613894	0.007183418]
6.7	0.0033333334	[0.0014613894	0.007183418]
6.8	0.0033333334	[0.0014613894	0.007183418]
6.9	0.0023809525	[8.768797E-4	0.0058925715]
7.0	0.0023809525	[8.768797E-4	0.0058925715]
7.1	0.0019047619	[6.10338E-4	0.005227002]
7.2	0.0014285714	[3.690139E-4	0.0045429016]
7.3	0.0014285714	[3.690139E-4	0.0045429016]
7.4	9.5238094E-4	[1.6497425E-4	0.0038335838]
7.5	9.5238094E-4	[1.6497425E-4	0.0038335838]
7.6	4.7619047E-4	[2.4856972E-5	0.0030869816]
7.7	0.0	[0.0	0.002276457]
7.8	0.0	[0.0	0.002276457]
7.9	0.0	[0.0	0.002276457]
8.0	0.0	[0.0	0.002276457]
8.1	0.0	[0.0	0.002276457]
8.2	0.0	[0.0	0.002276457]
8.3	0.0	[0.0	0.002276457]
8.4	0.0	[0.0	0.0]
8.5	0.0	[0.0	0.0]
8.6	0.0	[0.0	0.0]
8.7	0.0	[0.0	0.0]
8.8	0.0	[0.0	0.0]
8.9	0.0	[0.0	0.0]
9.0	0.0	[0.0	0.0]



DATASET #8

     Name: Supra
   Points: 66
     Info: 

Data[x,y]:
2.5	  0.004285714
2.6	  0.004285714
2.7	  0.004285714
2.8	  0.004285714
2.9	  0.004285714
3.0	  0.004285714
3.1	  0.004285714
3.2	  0.004285714
3.3	  0.004285714
3.4	  0.004285714
3.5	  0.004285714
3.6	  0.004285714
3.7	  0.004285714
3.8	  0.004285714
3.9	  0.004285714
4.0	  0.004285714
4.1	  0.004285714
4.2	  0.004285714
4.3	  0.004285714
4.4	  0.004285714
4.5	  0.004285714
4.6	  0.004285714
4.7	  0.004285714
4.8	  0.004285714
4.9	  0.004285714
5.0	  0.004285714
5.1	  0.004285714
5.2	  0.004285714
5.3	  0.004285714
5.4	  0.004285714
5.5	  0.004285714
5.6	  0.004285714
5.7	  0.004285714
5.8	  0.004285714
5.9	  0.004285714
6.0	  0.004285714
6.1	  0.0038095238
6.2	  0.0033333334
6.3	  0.0033333334
6.4	  0.0028571428
6.5	  0.0028571428
6.6	  0.0028571428
6.7	  0.0028571428
6.8	  0.0028571428
6.9	  0.0019047619
7.0	  0.0019047619
7.1	  0.0019047619
7.2	  0.0014285714
7.3	  0.0014285714
7.4	  9.5238094E-4
7.5	  9.5238094E-4
7.6	  4.7619047E-4
7.7	  0.0
7.8	  0.0
7.9	  0.0
8.0	  0.0
8.1	  0.0
8.2	  0.0
8.3	  0.0
8.4	  0.0
8.5	  0.0
8.6	  0.0
8.7	  0.0
8.8	  0.0
8.9	  0.0
9.0	  0.0



DATASET #9

     Name: Primary
   Points: 66
     Info: 

Data[x,y]:
2.5	  20.831905
2.6	  16.495237
2.7	  13.133333
2.8	  10.452857
2.9	  8.317619
3.0	  6.5928574
3.1	  5.234286
3.2	  4.1709523
3.3	  3.3033333
3.4	  2.6404762
3.5	  2.1161904
3.6	  1.6919048
3.7	  1.3533334
3.8	  1.0680952
3.9	  0.8457143
4.0	  0.66761905
4.1	  0.5347619
4.2	  0.4109524
4.3	  0.3295238
4.4	  0.25047618
4.5	  0.20333333
4.6	  0.16380952
4.7	  0.13
4.8	  0.10142857
4.9	  0.0847619
5.0	  0.06333333
5.1	  0.04904762
5.2	  0.03857143
5.3	  0.032857142
5.4	  0.026666667
5.5	  0.023333333
5.6	  0.016666668
5.7	  0.013809524
5.8	  0.011428571
5.9	  0.009047619
6.0	  0.0076190475
6.1	  0.006190476
6.2	  0.0038095238
6.3	  0.0038095238
6.4	  0.0028571428
6.5	  0.0019047619
6.6	  0.0019047619
6.7	  0.0019047619
6.8	  0.0019047619
6.9	  0.0014285714
7.0	  0.0014285714
7.1	  9.5238094E-4
7.2	  9.5238094E-4
7.3	  9.5238094E-4
7.4	  4.7619047E-4
7.5	  4.7619047E-4
7.6	  4.7619047E-4
7.7	  0.0
7.8	  0.0
7.9	  0.0
8.0	  0.0
8.1	  0.0
8.2	  0.0
8.3	  0.0
8.4	  0.0
8.5	  0.0
8.6	  0.0
8.7	  0.0
8.8	  0.0
8.9	  0.0
9.0	  0.0


