
X-Axis: Magnitude
Y-Axis: 1 Year Cumulative Number
Number of Data Sets: 9


DATASET #1

     Name: Mean
   Points: 66
     Info: 

Data[x,y]:
2.5	  368.93182
2.6	  293.19498
2.7	  232.83733
2.8	  185.15909
2.9	  147.07655
3.0	  116.57476
3.1	  92.45395
3.2	  73.43541
3.3	  58.2506
3.4	  46.19378
3.5	  36.764355
3.6	  29.236244
3.7	  23.269737
3.8	  18.49701
3.9	  14.71232
4.0	  11.715909
4.1	  9.322967
4.2	  7.4144735
4.3	  5.869019
4.4	  4.615431
4.5	  3.645933
4.6	  2.8869617
4.7	  2.2511961
4.8	  1.7595694
4.9	  1.4037081
5.0	  1.09689
5.1	  0.8654306
5.2	  0.6866029
5.3	  0.5514354
5.4	  0.44617224
5.5	  0.35287082
5.6	  0.26794258
5.7	  0.20933014
5.8	  0.15610048
5.9	  0.118421055
6.0	  0.086722486
6.1	  0.065789476
6.2	  0.043062203
6.3	  0.03409091
6.4	  0.025119618
6.5	  0.017344497
6.6	  0.014952153
6.7	  0.013755981
6.8	  0.011363637
6.9	  0.008373206
7.0	  0.008373206
7.1	  0.0059808614
7.2	  0.004784689
7.3	  0.004186603
7.4	  0.0029904307
7.5	  0.0029904307
7.6	  0.0023923444
7.7	  0.0
7.8	  0.0
7.9	  0.0
8.0	  0.0
8.1	  0.0
8.2	  0.0
8.3	  0.0
8.4	  0.0
8.5	  0.0
8.6	  0.0
8.7	  0.0
8.8	  0.0
8.9	  0.0
9.0	  0.0



DATASET #2

     Name: 2.5%,97.5%
   Points: 66
     Info: 

Data[x,y]:
2.5	  206.0
2.6	  161.0
2.7	  126.0
2.8	  98.0
2.9	  75.0
3.0	  59.0
3.1	  44.0
3.2	  34.0
3.3	  25.0
3.4	  19.0
3.5	  14.0
3.6	  10.0
3.7	  8.0
3.8	  5.0
3.9	  4.0
4.0	  2.0
4.1	  2.0
4.2	  1.0
4.3	  0.0
4.4	  0.0
4.5	  0.0
4.6	  0.0
4.7	  0.0
4.8	  0.0
4.9	  0.0
5.0	  0.0
5.1	  0.0
5.2	  0.0
5.3	  0.0
5.4	  0.0
5.5	  0.0
5.6	  0.0
5.7	  0.0
5.8	  0.0
5.9	  0.0
6.0	  0.0
6.1	  0.0
6.2	  0.0
6.3	  0.0
6.4	  0.0
6.5	  0.0
6.6	  0.0
6.7	  0.0
6.8	  0.0
6.9	  0.0
7.0	  0.0
7.1	  0.0
7.2	  0.0
7.3	  0.0
7.4	  0.0
7.5	  0.0
7.6	  0.0
7.7	  0.0
7.8	  0.0
7.9	  0.0
8.0	  0.0
8.1	  0.0
8.2	  0.0
8.3	  0.0
8.4	  0.0
8.5	  0.0
8.6	  0.0
8.7	  0.0
8.8	  0.0
8.9	  0.0
9.0	  0.0



DATASET #3

     Name: null
   Points: 66
     Info: 

Data[x,y]:
2.5	  873.0
2.6	  698.0
2.7	  552.0
2.8	  443.0
2.9	  354.0
3.0	  288.0
3.1	  229.0
3.2	  181.0
3.3	  143.0
3.4	  114.0
3.5	  92.0
3.6	  71.0
3.7	  56.0
3.8	  45.0
3.9	  37.0
4.0	  29.0
4.1	  25.0
4.2	  20.0
4.3	  16.0
4.4	  14.0
4.5	  12.0
4.6	  10.0
4.7	  8.0
4.8	  7.0
4.9	  6.0
5.0	  5.0
5.1	  4.0
5.2	  4.0
5.3	  3.0
5.4	  3.0
5.5	  2.0
5.6	  2.0
5.7	  2.0
5.8	  2.0
5.9	  1.0
6.0	  1.0
6.1	  1.0
6.2	  1.0
6.3	  1.0
6.4	  0.0
6.5	  0.0
6.6	  0.0
6.7	  0.0
6.8	  0.0
6.9	  0.0
7.0	  0.0
7.1	  0.0
7.2	  0.0
7.3	  0.0
7.4	  0.0
7.5	  0.0
7.6	  0.0
7.7	  0.0
7.8	  0.0
7.9	  0.0
8.0	  0.0
8.1	  0.0
8.2	  0.0
8.3	  0.0
8.4	  0.0
8.5	  0.0
8.6	  0.0
8.7	  0.0
8.8	  0.0
8.9	  0.0
9.0	  0.0



DATASET #4

     Name: Median
   Points: 66
     Info: 

Data[x,y]:
2.5	  273.0
2.6	  216.0
2.7	  173.0
2.8	  138.0
2.9	  109.0
3.0	  87.0
3.1	  69.0
3.2	  55.0
3.3	  44.0
3.4	  35.0
3.5	  28.0
3.6	  22.0
3.7	  18.0
3.8	  14.0
3.9	  11.0
4.0	  9.0
4.1	  7.0
4.2	  6.0
4.3	  4.0
4.4	  3.0
4.5	  3.0
4.6	  2.0
4.7	  1.0
4.8	  1.0
4.9	  1.0
5.0	  1.0
5.1	  0.0
5.2	  0.0
5.3	  0.0
5.4	  0.0
5.5	  0.0
5.6	  0.0
5.7	  0.0
5.8	  0.0
5.9	  0.0
6.0	  0.0
6.1	  0.0
6.2	  0.0
6.3	  0.0
6.4	  0.0
6.5	  0.0
6.6	  0.0
6.7	  0.0
6.8	  0.0
6.9	  0.0
7.0	  0.0
7.1	  0.0
7.2	  0.0
7.3	  0.0
7.4	  0.0
7.5	  0.0
7.6	  0.0
7.7	  0.0
7.8	  0.0
7.9	  0.0
8.0	  0.0
8.1	  0.0
8.2	  0.0
8.3	  0.0
8.4	  0.0
8.5	  0.0
8.6	  0.0
8.7	  0.0
8.8	  0.0
8.9	  0.0
9.0	  0.0



DATASET #5

     Name: Mode
   Points: 66
     Info: 

Data[x,y]:
2.5	  248.0
2.6	  204.0
2.7	  164.0
2.8	  119.0
2.9	  95.0
3.0	  78.0
3.1	  59.0
3.2	  49.0
3.3	  36.0
3.4	  31.0
3.5	  23.0
3.6	  21.0
3.7	  15.0
3.8	  13.0
3.9	  8.0
4.0	  9.0
4.1	  5.0
4.2	  4.0
4.3	  3.0
4.4	  3.0
4.5	  2.0
4.6	  1.0
4.7	  1.0
4.8	  0.0
4.9	  0.0
5.0	  0.0
5.1	  0.0
5.2	  0.0
5.3	  0.0
5.4	  0.0
5.5	  0.0
5.6	  0.0
5.7	  0.0
5.8	  0.0
5.9	  0.0
6.0	  0.0
6.1	  0.0
6.2	  0.0
6.3	  0.0
6.4	  0.0
6.5	  0.0
6.6	  0.0
6.7	  0.0
6.8	  0.0
6.9	  0.0
7.0	  0.0
7.1	  0.0
7.2	  0.0
7.3	  0.0
7.4	  0.0
7.5	  0.0
7.6	  0.0
7.7	  0.0
7.8	  0.0
7.9	  0.0
8.0	  0.0
8.1	  0.0
8.2	  0.0
8.3	  0.0
8.4	  0.0
8.5	  0.0
8.6	  0.0
8.7	  0.0
8.8	  0.0
8.9	  0.0
9.0	  0.0



DATASET #6

     Name: 1 yr Prob
   Points: 66
     Info: 

Data[x,y]:
2.5	  1.0
2.6	  1.0
2.7	  1.0
2.8	  1.0
2.9	  1.0
3.0	  1.0
3.1	  1.0
3.2	  1.0
3.3	  1.0
3.4	  1.0
3.5	  1.0
3.6	  1.0
3.7	  1.0
3.8	  1.0
3.9	  1.0
4.0	  0.9994019
4.1	  0.99880385
4.2	  0.9904306
4.3	  0.9700957
4.4	  0.93899524
4.5	  0.89892346
4.6	  0.83732057
4.7	  0.7631579
4.8	  0.68301433
4.9	  0.5986842
5.0	  0.51555026
5.1	  0.4389952
5.2	  0.37260765
5.3	  0.31698564
5.4	  0.2667464
5.5	  0.2236842
5.6	  0.18361244
5.7	  0.14772727
5.8	  0.119617224
5.9	  0.09389952
6.0	  0.07416268
6.1	  0.057416268
6.2	  0.039473683
6.3	  0.031100478
6.4	  0.022727273
6.5	  0.016148325
6.6	  0.013755981
6.7	  0.013157895
6.8	  0.011363637
6.9	  0.008373206
7.0	  0.008373206
7.1	  0.0059808614
7.2	  0.004784689
7.3	  0.004186603
7.4	  0.0029904307
7.5	  0.0029904307
7.6	  0.0023923444
7.7	  0.0
7.8	  0.0
7.9	  0.0
8.0	  0.0
8.1	  0.0
8.2	  0.0
8.3	  0.0
8.4	  0.0
8.5	  0.0
8.6	  0.0
8.7	  0.0
8.8	  0.0
8.9	  0.0
9.0	  0.0



DATASET #7

Name: 95% Conf
Num Points: 66
Info: 

X, Y Data:
2.5	1.0	[1.0	1.0]
2.6	1.0	[1.0	1.0]
2.7	1.0	[1.0	1.0]
2.8	1.0	[1.0	1.0]
2.9	1.0	[1.0	1.0]
3.0	1.0	[1.0	1.0]
3.1	1.0	[1.0	1.0]
3.2	1.0	[1.0	1.0]
3.3	1.0	[1.0	1.0]
3.4	1.0	[1.0	1.0]
3.5	1.0	[1.0	1.0]
3.6	1.0	[1.0	1.0]
3.7	1.0	[1.0	1.0]
3.8	1.0	[1.0	1.0]
3.9	1.0	[1.0	1.0]
4.0	0.9994019	[0.99612474	0.99996877]
4.1	0.99880385	[0.9951876	0.9997928]
4.2	0.9904306	[0.9841438	0.9943291]
4.3	0.9700957	[0.96045506	0.97750294]
4.4	0.93899524	[0.92616117	0.9497644]
4.5	0.89892346	[0.88323087	0.91274935]
4.6	0.83732057	[0.8185484	0.85452014]
4.7	0.7631579	[0.7418833	0.7832083]
4.8	0.68301433	[0.660009	0.70516944]
4.9	0.5986842	[0.57468736	0.62222284]
5.0	0.51555026	[0.49128816	0.53974015]
5.1	0.4389952	[0.41507772	0.46319592]
5.2	0.37260765	[0.3494541	0.3963528]
5.3	0.31698564	[0.2948306	0.339991]
5.4	0.2667464	[0.2458089	0.28876838]
5.5	0.2236842	[0.20406714	0.24458703]
5.6	0.18361244	[0.16549987	0.20319888]
5.7	0.14772727	[0.13124278	0.16585515]
5.8	0.119617224	[0.10464594	0.13636588]
5.9	0.09389952	[0.080555364	0.10914521]
6.0	0.07416268	[0.062279902	0.08804407]
6.1	0.057416268	[0.046975207	0.06994057]
6.2	0.039473683	[0.030882236	0.050243642]
6.3	0.031100478	[0.023534972	0.040892277]
6.4	0.022727273	[0.016349526	0.0313836]
6.5	0.016148325	[0.010877356	0.02374547]
6.6	0.013755981	[0.008944053	0.020914143]
6.7	0.013157895	[0.00846693	0.020200467]
6.8	0.011363637	[0.007053209	0.01804293]
6.9	0.008373206	[0.004771146	0.0143784825]
7.0	0.008373206	[0.004771146	0.0143784825]
7.1	0.0059808614	[0.0030420765	0.011359614]
7.2	0.004784689	[0.0022264274	0.009807333]
7.3	0.004186603	[0.0018357239	0.00901664]
7.4	0.0029904307	[0.001101448	0.00739665]
7.5	0.0029904307	[0.001101448	0.00739665]
7.6	0.0023923444	[7.666285E-4	0.0065613287]
7.7	0.0	[0.0	0.0028578357]
7.8	0.0	[0.0	0.0028578357]
7.9	0.0	[0.0	0.0028578357]
8.0	0.0	[0.0	0.0028578357]
8.1	0.0	[0.0	0.0028578357]
8.2	0.0	[0.0	0.0028578357]
8.3	0.0	[0.0	0.0028578357]
8.4	0.0	[0.0	0.0]
8.5	0.0	[0.0	0.0]
8.6	0.0	[0.0	0.0]
8.7	0.0	[0.0	0.0]
8.8	0.0	[0.0	0.0]
8.9	0.0	[0.0	0.0]
9.0	0.0	[0.0	0.0]



DATASET #8

     Name: Supra
   Points: 66
     Info: 

Data[x,y]:
2.5	  0.02631579
2.6	  0.02631579
2.7	  0.02631579
2.8	  0.02631579
2.9	  0.02631579
3.0	  0.02631579
3.1	  0.02631579
3.2	  0.02631579
3.3	  0.02631579
3.4	  0.02631579
3.5	  0.02631579
3.6	  0.02631579
3.7	  0.02631579
3.8	  0.02631579
3.9	  0.02631579
4.0	  0.02631579
4.1	  0.02631579
4.2	  0.02631579
4.3	  0.02631579
4.4	  0.02631579
4.5	  0.02631579
4.6	  0.02631579
4.7	  0.02631579
4.8	  0.02631579
4.9	  0.02631579
5.0	  0.02631579
5.1	  0.02631579
5.2	  0.02631579
5.3	  0.02631579
5.4	  0.02631579
5.5	  0.02631579
5.6	  0.02631579
5.7	  0.02631579
5.8	  0.02631579
5.9	  0.02631579
6.0	  0.02631579
6.1	  0.023923445
6.2	  0.01854067
6.3	  0.014354067
6.4	  0.013157895
6.5	  0.011363637
6.6	  0.010167464
6.7	  0.009569378
6.8	  0.008971292
6.9	  0.0065789474
7.0	  0.0065789474
7.1	  0.0059808614
7.2	  0.004784689
7.3	  0.004186603
7.4	  0.0029904307
7.5	  0.0029904307
7.6	  0.0023923444
7.7	  0.0
7.8	  0.0
7.9	  0.0
8.0	  0.0
8.1	  0.0
8.2	  0.0
8.3	  0.0
8.4	  0.0
8.5	  0.0
8.6	  0.0
8.7	  0.0
8.8	  0.0
8.9	  0.0
9.0	  0.0



DATASET #9

     Name: Primary
   Points: 66
     Info: 

Data[x,y]:
2.5	  182.41866
2.6	  144.9049
2.7	  115.00598
2.8	  91.48983
2.9	  72.696175
3.0	  57.566986
3.1	  45.667465
3.2	  36.266747
3.3	  28.813995
3.4	  22.801435
3.5	  18.098684
3.6	  14.398924
3.7	  11.437799
3.8	  9.116029
3.9	  7.2464113
4.0	  5.750598
4.1	  4.610048
4.2	  3.652512
4.3	  2.8929427
4.4	  2.285885
4.5	  1.8205742
4.6	  1.4330144
4.7	  1.1022727
4.8	  0.8546651
4.9	  0.68361247
5.0	  0.53588516
5.1	  0.43122008
5.2	  0.34389952
5.3	  0.28229666
5.4	  0.23026316
5.5	  0.18301435
5.6	  0.13696173
5.7	  0.10944976
5.8	  0.0819378
5.9	  0.062200956
6.0	  0.048444975
6.1	  0.0388756
6.2	  0.023923445
6.3	  0.019138755
6.4	  0.013157895
6.5	  0.010167464
6.6	  0.008373206
6.7	  0.008373206
6.8	  0.0077751195
6.9	  0.0053827753
7.0	  0.0053827753
7.1	  0.0035885167
7.2	  0.0029904307
7.3	  0.0023923444
7.4	  0.0017942584
7.5	  0.0017942584
7.6	  0.0011961722
7.7	  0.0
7.8	  0.0
7.9	  0.0
8.0	  0.0
8.1	  0.0
8.2	  0.0
8.3	  0.0
8.4	  0.0
8.5	  0.0
8.6	  0.0
8.7	  0.0
8.8	  0.0
8.9	  0.0
9.0	  0.0


