
X-Axis: Magnitude
Y-Axis: 1 Day Cumulative Number
Number of Data Sets: 9


DATASET #1

     Name: Mean
   Points: 66
     Info: 

Data[x,y]:
2.5	  1.15008
2.6	  0.91257
2.7	  0.72479
2.8	  0.57511
2.9	  0.45478
3.0	  0.36006
3.1	  0.28571
3.2	  0.22681
3.3	  0.18013
3.4	  0.14343
3.5	  0.11401
3.6	  0.0907
3.7	  0.07222
3.8	  0.0576
3.9	  0.04583
4.0	  0.03661
4.1	  0.02944
4.2	  0.02326
4.3	  0.01823
4.4	  0.01421
4.5	  0.01128
4.6	  0.00898
4.7	  0.00732
4.8	  0.00554
4.9	  0.0043
5.0	  0.00334
5.1	  0.00261
5.2	  0.00199
5.3	  0.00168
5.4	  0.00122
5.5	  0.001
5.6	  8.0E-4
5.7	  7.0E-4
5.8	  5.3E-4
5.9	  4.3E-4
6.0	  3.4E-4
6.1	  2.9E-4
6.2	  1.9E-4
6.3	  1.6E-4
6.4	  1.3E-4
6.5	  7.0E-5
6.6	  6.0E-5
6.7	  6.0E-5
6.8	  5.0E-5
6.9	  2.0E-5
7.0	  1.0E-5
7.1	  1.0E-5
7.2	  1.0E-5
7.3	  1.0E-5
7.4	  1.0E-5
7.5	  0.0
7.6	  0.0
7.7	  0.0
7.8	  0.0
7.9	  0.0
8.0	  0.0
8.1	  0.0
8.2	  0.0
8.3	  0.0
8.4	  0.0
8.5	  0.0
8.6	  0.0
8.7	  0.0
8.8	  0.0
8.9	  0.0
9.0	  0.0



DATASET #2

     Name: 2.5%,97.5%
   Points: 66
     Info: 

Data[x,y]:
2.5	  0.0
2.6	  0.0
2.7	  0.0
2.8	  0.0
2.9	  0.0
3.0	  0.0
3.1	  0.0
3.2	  0.0
3.3	  0.0
3.4	  0.0
3.5	  0.0
3.6	  0.0
3.7	  0.0
3.8	  0.0
3.9	  0.0
4.0	  0.0
4.1	  0.0
4.2	  0.0
4.3	  0.0
4.4	  0.0
4.5	  0.0
4.6	  0.0
4.7	  0.0
4.8	  0.0
4.9	  0.0
5.0	  0.0
5.1	  0.0
5.2	  0.0
5.3	  0.0
5.4	  0.0
5.5	  0.0
5.6	  0.0
5.7	  0.0
5.8	  0.0
5.9	  0.0
6.0	  0.0
6.1	  0.0
6.2	  0.0
6.3	  0.0
6.4	  0.0
6.5	  0.0
6.6	  0.0
6.7	  0.0
6.8	  0.0
6.9	  0.0
7.0	  0.0
7.1	  0.0
7.2	  0.0
7.3	  0.0
7.4	  0.0
7.5	  0.0
7.6	  0.0
7.7	  0.0
7.8	  0.0
7.9	  0.0
8.0	  0.0
8.1	  0.0
8.2	  0.0
8.3	  0.0
8.4	  0.0
8.5	  0.0
8.6	  0.0
8.7	  0.0
8.8	  0.0
8.9	  0.0
9.0	  0.0



DATASET #3

     Name: null
   Points: 66
     Info: 

Data[x,y]:
2.5	  4.0
2.6	  4.0
2.7	  3.0
2.8	  3.0
2.9	  2.0
3.0	  2.0
3.1	  2.0
3.2	  2.0
3.3	  1.0
3.4	  1.0
3.5	  1.0
3.6	  1.0
3.7	  1.0
3.8	  1.0
3.9	  1.0
4.0	  1.0
4.1	  0.0
4.2	  0.0
4.3	  0.0
4.4	  0.0
4.5	  0.0
4.6	  0.0
4.7	  0.0
4.8	  0.0
4.9	  0.0
5.0	  0.0
5.1	  0.0
5.2	  0.0
5.3	  0.0
5.4	  0.0
5.5	  0.0
5.6	  0.0
5.7	  0.0
5.8	  0.0
5.9	  0.0
6.0	  0.0
6.1	  0.0
6.2	  0.0
6.3	  0.0
6.4	  0.0
6.5	  0.0
6.6	  0.0
6.7	  0.0
6.8	  0.0
6.9	  0.0
7.0	  0.0
7.1	  0.0
7.2	  0.0
7.3	  0.0
7.4	  0.0
7.5	  0.0
7.6	  0.0
7.7	  0.0
7.8	  0.0
7.9	  0.0
8.0	  0.0
8.1	  0.0
8.2	  0.0
8.3	  0.0
8.4	  0.0
8.5	  0.0
8.6	  0.0
8.7	  0.0
8.8	  0.0
8.9	  0.0
9.0	  0.0



DATASET #4

     Name: Median
   Points: 66
     Info: 

Data[x,y]:
2.5	  1.0
2.6	  0.0
2.7	  0.0
2.8	  0.0
2.9	  0.0
3.0	  0.0
3.1	  0.0
3.2	  0.0
3.3	  0.0
3.4	  0.0
3.5	  0.0
3.6	  0.0
3.7	  0.0
3.8	  0.0
3.9	  0.0
4.0	  0.0
4.1	  0.0
4.2	  0.0
4.3	  0.0
4.4	  0.0
4.5	  0.0
4.6	  0.0
4.7	  0.0
4.8	  0.0
4.9	  0.0
5.0	  0.0
5.1	  0.0
5.2	  0.0
5.3	  0.0
5.4	  0.0
5.5	  0.0
5.6	  0.0
5.7	  0.0
5.8	  0.0
5.9	  0.0
6.0	  0.0
6.1	  0.0
6.2	  0.0
6.3	  0.0
6.4	  0.0
6.5	  0.0
6.6	  0.0
6.7	  0.0
6.8	  0.0
6.9	  0.0
7.0	  0.0
7.1	  0.0
7.2	  0.0
7.3	  0.0
7.4	  0.0
7.5	  0.0
7.6	  0.0
7.7	  0.0
7.8	  0.0
7.9	  0.0
8.0	  0.0
8.1	  0.0
8.2	  0.0
8.3	  0.0
8.4	  0.0
8.5	  0.0
8.6	  0.0
8.7	  0.0
8.8	  0.0
8.9	  0.0
9.0	  0.0



DATASET #5

     Name: Mode
   Points: 66
     Info: 

Data[x,y]:
2.5	  0.0
2.6	  0.0
2.7	  0.0
2.8	  0.0
2.9	  0.0
3.0	  0.0
3.1	  0.0
3.2	  0.0
3.3	  0.0
3.4	  0.0
3.5	  0.0
3.6	  0.0
3.7	  0.0
3.8	  0.0
3.9	  0.0
4.0	  0.0
4.1	  0.0
4.2	  0.0
4.3	  0.0
4.4	  0.0
4.5	  0.0
4.6	  0.0
4.7	  0.0
4.8	  0.0
4.9	  0.0
5.0	  0.0
5.1	  0.0
5.2	  0.0
5.3	  0.0
5.4	  0.0
5.5	  0.0
5.6	  0.0
5.7	  0.0
5.8	  0.0
5.9	  0.0
6.0	  0.0
6.1	  0.0
6.2	  0.0
6.3	  0.0
6.4	  0.0
6.5	  0.0
6.6	  0.0
6.7	  0.0
6.8	  0.0
6.9	  0.0
7.0	  0.0
7.1	  0.0
7.2	  0.0
7.3	  0.0
7.4	  0.0
7.5	  0.0
7.6	  0.0
7.7	  0.0
7.8	  0.0
7.9	  0.0
8.0	  0.0
8.1	  0.0
8.2	  0.0
8.3	  0.0
8.4	  0.0
8.5	  0.0
8.6	  0.0
8.7	  0.0
8.8	  0.0
8.9	  0.0
9.0	  0.0



DATASET #6

     Name: 1 d Prob
   Points: 66
     Info: 

Data[x,y]:
2.5	  0.5352
2.6	  0.45972
2.7	  0.38899
2.8	  0.32605
2.9	  0.27049
3.0	  0.22301
3.1	  0.18389
3.2	  0.15001
3.3	  0.12225
3.4	  0.09963
3.5	  0.0808
3.6	  0.0655
3.7	  0.05322
3.8	  0.04286
3.9	  0.03478
4.0	  0.02844
4.1	  0.02314
4.2	  0.01843
4.3	  0.01452
4.4	  0.01154
4.5	  0.00917
4.6	  0.00737
4.7	  0.00606
4.8	  0.00469
4.9	  0.00367
5.0	  0.00287
5.1	  0.00227
5.2	  0.00174
5.3	  0.00148
5.4	  0.00109
5.5	  9.1E-4
5.6	  7.5E-4
5.7	  6.5E-4
5.8	  5.1E-4
5.9	  4.3E-4
6.0	  3.4E-4
6.1	  2.9E-4
6.2	  1.9E-4
6.3	  1.6E-4
6.4	  1.3E-4
6.5	  7.0E-5
6.6	  6.0E-5
6.7	  6.0E-5
6.8	  5.0E-5
6.9	  2.0E-5
7.0	  1.0E-5
7.1	  1.0E-5
7.2	  1.0E-5
7.3	  1.0E-5
7.4	  1.0E-5
7.5	  0.0
7.6	  0.0
7.7	  0.0
7.8	  0.0
7.9	  0.0
8.0	  0.0
8.1	  0.0
8.2	  0.0
8.3	  0.0
8.4	  0.0
8.5	  0.0
8.6	  0.0
8.7	  0.0
8.8	  0.0
8.9	  0.0
9.0	  0.0



DATASET #7

Name: 95% Conf
Num Points: 66
Info: 

X, Y Data:
2.5	0.5352	[0.53210235	0.5382949]
2.6	0.45972	[0.45662764	0.46281546]
2.7	0.38899	[0.38596764	0.3920209]
2.8	0.32605	[0.3231463	0.3289671]
2.9	0.27049	[0.2677406	0.27325705]
3.0	0.22301	[0.22043565	0.22560567]
3.1	0.18389	[0.18149608	0.18630825]
3.2	0.15001	[0.14780526	0.15224169]
3.3	0.12225	[0.12022921	0.124299884]
3.4	0.09963	[0.097784035	0.10150681]
3.5	0.0808	[0.07912196	0.08251034]
3.6	0.0655	[0.06397825	0.06705525]
3.7	0.05322	[0.051840853	0.054633595]
3.8	0.04286	[0.041617166	0.044138093]
3.9	0.03478	[0.033657208	0.03593869]
4.0	0.02844	[0.027422782	0.029493622]
4.1	0.02314	[0.022221388	0.024095446]
4.2	0.01843	[0.017609779	0.01928744]
4.3	0.01452	[0.013792137	0.015285414]
4.4	0.01154	[0.0108916825	0.012226129]
4.5	0.00917	[0.008592925	0.009785104]
4.6	0.00737	[0.006853644	0.007924561]
4.7	0.00606	[0.0055927765	0.0065655666]
4.8	0.00469	[0.0042803637	0.0051381392]
4.9	0.00367	[0.0033090508	0.00406959]
5.0	0.00287	[0.0025522735	0.0032264956]
5.1	0.00227	[0.001988862	0.0025900248]
5.2	0.00174	[0.0014954904	0.0020235293]
5.3	0.00148	[0.0012555199	0.001743582]
5.4	0.00109	[8.9922204E-4	0.0013200417]
5.5	9.1E-4	[7.368192E-4	0.0011225459]
5.6	7.5E-4	[5.9398665E-4	9.454934E-4]
5.7	6.5E-4	[5.056601E-4	8.3390996E-4]
5.8	5.1E-4	[3.8362574E-4	6.7610806E-4]
5.9	4.3E-4	[3.1501072E-4	5.848478E-4]
6.0	3.4E-4	[2.3915971E-4	4.8088527E-4]
6.1	2.9E-4	[1.978313E-4	4.2235057E-4]
6.2	1.9E-4	[1.1774775E-4	3.0284515E-4]
6.3	1.6E-4	[9.4690186E-5	2.6609126E-4]
6.4	1.3E-4	[7.23001E-5	2.287271E-4]
6.5	7.0E-5	[3.0673422E-5	1.5121036E-4]
6.6	6.0E-5	[2.4390289E-5	1.377361E-4]
6.7	6.0E-5	[2.4390289E-5	1.377361E-4]
6.8	5.0E-5	[1.8407845E-5	1.2402E-4]
6.9	2.0E-5	[3.4641096E-6	8.066479E-5]
7.0	1.0E-5	[5.219861E-7	6.4949265E-5]
7.1	1.0E-5	[5.219861E-7	6.4949265E-5]
7.2	1.0E-5	[5.219861E-7	6.4949265E-5]
7.3	1.0E-5	[5.219861E-7	6.4949265E-5]
7.4	1.0E-5	[5.219861E-7	6.4949265E-5]
7.5	0.0	[0.0	4.7892154E-5]
7.6	0.0	[0.0	4.7892154E-5]
7.7	0.0	[0.0	4.7892154E-5]
7.8	0.0	[0.0	4.7892154E-5]
7.9	0.0	[0.0	4.7892154E-5]
8.0	0.0	[0.0	4.7892154E-5]
8.1	0.0	[0.0	4.7892154E-5]
8.2	0.0	[0.0	4.7892154E-5]
8.3	0.0	[0.0	4.7892154E-5]
8.4	0.0	[0.0	0.0]
8.5	0.0	[0.0	0.0]
8.6	0.0	[0.0	0.0]
8.7	0.0	[0.0	0.0]
8.8	0.0	[0.0	0.0]
8.9	0.0	[0.0	0.0]
9.0	0.0	[0.0	0.0]



DATASET #8

     Name: Supra
   Points: 66
     Info: 

Data[x,y]:
2.5	  8.0E-5
2.6	  8.0E-5
2.7	  8.0E-5
2.8	  8.0E-5
2.9	  8.0E-5
3.0	  8.0E-5
3.1	  8.0E-5
3.2	  8.0E-5
3.3	  8.0E-5
3.4	  8.0E-5
3.5	  8.0E-5
3.6	  8.0E-5
3.7	  8.0E-5
3.8	  8.0E-5
3.9	  8.0E-5
4.0	  8.0E-5
4.1	  8.0E-5
4.2	  8.0E-5
4.3	  8.0E-5
4.4	  8.0E-5
4.5	  8.0E-5
4.6	  8.0E-5
4.7	  8.0E-5
4.8	  8.0E-5
4.9	  8.0E-5
5.0	  8.0E-5
5.1	  8.0E-5
5.2	  8.0E-5
5.3	  8.0E-5
5.4	  8.0E-5
5.5	  8.0E-5
5.6	  8.0E-5
5.7	  8.0E-5
5.8	  8.0E-5
5.9	  8.0E-5
6.0	  8.0E-5
6.1	  8.0E-5
6.2	  7.0E-5
6.3	  5.0E-5
6.4	  5.0E-5
6.5	  3.0E-5
6.6	  3.0E-5
6.7	  3.0E-5
6.8	  3.0E-5
6.9	  2.0E-5
7.0	  1.0E-5
7.1	  1.0E-5
7.2	  1.0E-5
7.3	  1.0E-5
7.4	  1.0E-5
7.5	  0.0
7.6	  0.0
7.7	  0.0
7.8	  0.0
7.9	  0.0
8.0	  0.0
8.1	  0.0
8.2	  0.0
8.3	  0.0
8.4	  0.0
8.5	  0.0
8.6	  0.0
8.7	  0.0
8.8	  0.0
8.9	  0.0
9.0	  0.0



DATASET #9

     Name: Primary
   Points: 66
     Info: 

Data[x,y]:
2.5	  0.67757
2.6	  0.53775
2.7	  0.42725
2.8	  0.33819
2.9	  0.26756
3.0	  0.21123
3.1	  0.16811
3.2	  0.13347
3.3	  0.10604
3.4	  0.08454
3.5	  0.06745
3.6	  0.0535
3.7	  0.04282
3.8	  0.0341
3.9	  0.02711
4.0	  0.02217
4.1	  0.01775
4.2	  0.01391
4.3	  0.01092
4.4	  0.00849
4.5	  0.00663
4.6	  0.00529
4.7	  0.00436
4.8	  0.00336
4.9	  0.00256
5.0	  0.00195
5.1	  0.00154
5.2	  0.00113
5.3	  9.6E-4
5.4	  6.8E-4
5.5	  5.6E-4
5.6	  4.5E-4
5.7	  3.9E-4
5.8	  3.3E-4
5.9	  2.9E-4
6.0	  2.2E-4
6.1	  2.0E-4
6.2	  1.6E-4
6.3	  1.4E-4
6.4	  1.1E-4
6.5	  6.0E-5
6.6	  6.0E-5
6.7	  6.0E-5
6.8	  5.0E-5
6.9	  2.0E-5
7.0	  1.0E-5
7.1	  1.0E-5
7.2	  1.0E-5
7.3	  1.0E-5
7.4	  1.0E-5
7.5	  0.0
7.6	  0.0
7.7	  0.0
7.8	  0.0
7.9	  0.0
8.0	  0.0
8.1	  0.0
8.2	  0.0
8.3	  0.0
8.4	  0.0
8.5	  0.0
8.6	  0.0
8.7	  0.0
8.8	  0.0
8.9	  0.0
9.0	  0.0


