
X-Axis: Magnitude
Y-Axis: 1 Hour Cumulative Number
Number of Data Sets: 9


DATASET #1

     Name: Mean
   Points: 66
     Info: 

Data[x,y]:
2.5	  0.04777
2.6	  0.03753
2.7	  0.02961
2.8	  0.02385
2.9	  0.01902
3.0	  0.01518
3.1	  0.01207
3.2	  0.00955
3.3	  0.00781
3.4	  0.00656
3.5	  0.00529
3.6	  0.00434
3.7	  0.00344
3.8	  0.00267
3.9	  0.00205
4.0	  0.00169
4.1	  0.00136
4.2	  0.001
4.3	  8.3E-4
4.4	  6.7E-4
4.5	  5.2E-4
4.6	  4.3E-4
4.7	  3.8E-4
4.8	  3.0E-4
4.9	  2.3E-4
5.0	  1.7E-4
5.1	  1.5E-4
5.2	  1.3E-4
5.3	  1.3E-4
5.4	  9.0E-5
5.5	  7.0E-5
5.6	  5.0E-5
5.7	  4.0E-5
5.8	  2.0E-5
5.9	  2.0E-5
6.0	  1.0E-5
6.1	  1.0E-5
6.2	  1.0E-5
6.3	  0.0
6.4	  0.0
6.5	  0.0
6.6	  0.0
6.7	  0.0
6.8	  0.0
6.9	  0.0
7.0	  0.0
7.1	  0.0
7.2	  0.0
7.3	  0.0
7.4	  0.0
7.5	  0.0
7.6	  0.0
7.7	  0.0
7.8	  0.0
7.9	  0.0
8.0	  0.0
8.1	  0.0
8.2	  0.0
8.3	  0.0
8.4	  0.0
8.5	  0.0
8.6	  0.0
8.7	  0.0
8.8	  0.0
8.9	  0.0
9.0	  0.0



DATASET #2

     Name: 2.5%,97.5%
   Points: 66
     Info: 

Data[x,y]:
2.5	  0.0
2.6	  0.0
2.7	  0.0
2.8	  0.0
2.9	  0.0
3.0	  0.0
3.1	  0.0
3.2	  0.0
3.3	  0.0
3.4	  0.0
3.5	  0.0
3.6	  0.0
3.7	  0.0
3.8	  0.0
3.9	  0.0
4.0	  0.0
4.1	  0.0
4.2	  0.0
4.3	  0.0
4.4	  0.0
4.5	  0.0
4.6	  0.0
4.7	  0.0
4.8	  0.0
4.9	  0.0
5.0	  0.0
5.1	  0.0
5.2	  0.0
5.3	  0.0
5.4	  0.0
5.5	  0.0
5.6	  0.0
5.7	  0.0
5.8	  0.0
5.9	  0.0
6.0	  0.0
6.1	  0.0
6.2	  0.0
6.3	  0.0
6.4	  0.0
6.5	  0.0
6.6	  0.0
6.7	  0.0
6.8	  0.0
6.9	  0.0
7.0	  0.0
7.1	  0.0
7.2	  0.0
7.3	  0.0
7.4	  0.0
7.5	  0.0
7.6	  0.0
7.7	  0.0
7.8	  0.0
7.9	  0.0
8.0	  0.0
8.1	  0.0
8.2	  0.0
8.3	  0.0
8.4	  0.0
8.5	  0.0
8.6	  0.0
8.7	  0.0
8.8	  0.0
8.9	  0.0
9.0	  0.0



DATASET #3

     Name: null
   Points: 66
     Info: 

Data[x,y]:
2.5	  1.0
2.6	  1.0
2.7	  0.0
2.8	  0.0
2.9	  0.0
3.0	  0.0
3.1	  0.0
3.2	  0.0
3.3	  0.0
3.4	  0.0
3.5	  0.0
3.6	  0.0
3.7	  0.0
3.8	  0.0
3.9	  0.0
4.0	  0.0
4.1	  0.0
4.2	  0.0
4.3	  0.0
4.4	  0.0
4.5	  0.0
4.6	  0.0
4.7	  0.0
4.8	  0.0
4.9	  0.0
5.0	  0.0
5.1	  0.0
5.2	  0.0
5.3	  0.0
5.4	  0.0
5.5	  0.0
5.6	  0.0
5.7	  0.0
5.8	  0.0
5.9	  0.0
6.0	  0.0
6.1	  0.0
6.2	  0.0
6.3	  0.0
6.4	  0.0
6.5	  0.0
6.6	  0.0
6.7	  0.0
6.8	  0.0
6.9	  0.0
7.0	  0.0
7.1	  0.0
7.2	  0.0
7.3	  0.0
7.4	  0.0
7.5	  0.0
7.6	  0.0
7.7	  0.0
7.8	  0.0
7.9	  0.0
8.0	  0.0
8.1	  0.0
8.2	  0.0
8.3	  0.0
8.4	  0.0
8.5	  0.0
8.6	  0.0
8.7	  0.0
8.8	  0.0
8.9	  0.0
9.0	  0.0



DATASET #4

     Name: Median
   Points: 66
     Info: 

Data[x,y]:
2.5	  0.0
2.6	  0.0
2.7	  0.0
2.8	  0.0
2.9	  0.0
3.0	  0.0
3.1	  0.0
3.2	  0.0
3.3	  0.0
3.4	  0.0
3.5	  0.0
3.6	  0.0
3.7	  0.0
3.8	  0.0
3.9	  0.0
4.0	  0.0
4.1	  0.0
4.2	  0.0
4.3	  0.0
4.4	  0.0
4.5	  0.0
4.6	  0.0
4.7	  0.0
4.8	  0.0
4.9	  0.0
5.0	  0.0
5.1	  0.0
5.2	  0.0
5.3	  0.0
5.4	  0.0
5.5	  0.0
5.6	  0.0
5.7	  0.0
5.8	  0.0
5.9	  0.0
6.0	  0.0
6.1	  0.0
6.2	  0.0
6.3	  0.0
6.4	  0.0
6.5	  0.0
6.6	  0.0
6.7	  0.0
6.8	  0.0
6.9	  0.0
7.0	  0.0
7.1	  0.0
7.2	  0.0
7.3	  0.0
7.4	  0.0
7.5	  0.0
7.6	  0.0
7.7	  0.0
7.8	  0.0
7.9	  0.0
8.0	  0.0
8.1	  0.0
8.2	  0.0
8.3	  0.0
8.4	  0.0
8.5	  0.0
8.6	  0.0
8.7	  0.0
8.8	  0.0
8.9	  0.0
9.0	  0.0



DATASET #5

     Name: Mode
   Points: 66
     Info: 

Data[x,y]:
2.5	  0.0
2.6	  0.0
2.7	  0.0
2.8	  0.0
2.9	  0.0
3.0	  0.0
3.1	  0.0
3.2	  0.0
3.3	  0.0
3.4	  0.0
3.5	  0.0
3.6	  0.0
3.7	  0.0
3.8	  0.0
3.9	  0.0
4.0	  0.0
4.1	  0.0
4.2	  0.0
4.3	  0.0
4.4	  0.0
4.5	  0.0
4.6	  0.0
4.7	  0.0
4.8	  0.0
4.9	  0.0
5.0	  0.0
5.1	  0.0
5.2	  0.0
5.3	  0.0
5.4	  0.0
5.5	  0.0
5.6	  0.0
5.7	  0.0
5.8	  0.0
5.9	  0.0
6.0	  0.0
6.1	  0.0
6.2	  0.0
6.3	  0.0
6.4	  0.0
6.5	  0.0
6.6	  0.0
6.7	  0.0
6.8	  0.0
6.9	  0.0
7.0	  0.0
7.1	  0.0
7.2	  0.0
7.3	  0.0
7.4	  0.0
7.5	  0.0
7.6	  0.0
7.7	  0.0
7.8	  0.0
7.9	  0.0
8.0	  0.0
8.1	  0.0
8.2	  0.0
8.3	  0.0
8.4	  0.0
8.5	  0.0
8.6	  0.0
8.7	  0.0
8.8	  0.0
8.9	  0.0
9.0	  0.0



DATASET #6

     Name: 1 hr Prob
   Points: 66
     Info: 

Data[x,y]:
2.5	  0.03711
2.6	  0.02949
2.7	  0.02351
2.8	  0.01916
2.9	  0.01543
3.0	  0.01254
3.1	  0.0101
3.2	  0.00822
3.3	  0.00677
3.4	  0.00573
3.5	  0.0047
3.6	  0.00387
3.7	  0.00308
3.8	  0.00244
3.9	  0.00189
4.0	  0.00157
4.1	  0.00127
4.2	  9.3E-4
4.3	  7.9E-4
4.4	  6.4E-4
4.5	  4.9E-4
4.6	  4.1E-4
4.7	  3.6E-4
4.8	  2.8E-4
4.9	  2.2E-4
5.0	  1.7E-4
5.1	  1.5E-4
5.2	  1.3E-4
5.3	  1.3E-4
5.4	  9.0E-5
5.5	  7.0E-5
5.6	  5.0E-5
5.7	  4.0E-5
5.8	  2.0E-5
5.9	  2.0E-5
6.0	  1.0E-5
6.1	  1.0E-5
6.2	  1.0E-5
6.3	  0.0
6.4	  0.0
6.5	  0.0
6.6	  0.0
6.7	  0.0
6.8	  0.0
6.9	  0.0
7.0	  0.0
7.1	  0.0
7.2	  0.0
7.3	  0.0
7.4	  0.0
7.5	  0.0
7.6	  0.0
7.7	  0.0
7.8	  0.0
7.9	  0.0
8.0	  0.0
8.1	  0.0
8.2	  0.0
8.3	  0.0
8.4	  0.0
8.5	  0.0
8.6	  0.0
8.7	  0.0
8.8	  0.0
8.9	  0.0
9.0	  0.0



DATASET #7

Name: 95% Conf
Num Points: 66
Info: 

X, Y Data:
2.5	0.03711	[0.035951115	0.038304597]
2.6	0.02949	[0.028454464	0.030561857]
2.7	0.02351	[0.022584131	0.02447267]
2.8	0.01916	[0.018323721	0.02003344]
2.9	0.01543	[0.014679579	0.016217893]
3.0	0.01254	[0.011863913	0.013253809]
3.1	0.0101	[0.009493954	0.010743989]
3.2	0.00822	[0.007674124	0.008803996]
3.3	0.00677	[0.006275543	0.0073027243]
3.4	0.00573	[0.0052759866	0.006222393]
3.5	0.0047	[0.0042899144	0.0051485873]
3.6	0.00387	[0.0034990113	0.0042796005]
3.7	0.00308	[0.0027503949	0.003448338]
3.8	0.00244	[0.0021480469	0.002770804]
3.9	0.00189	[0.0016346149	0.0021843635]
4.0	0.00157	[0.0013384008	0.001840671]
4.1	0.00127	[0.0010630253	0.0015161562]
4.2	9.3E-4	[7.5478293E-4	0.0011445697]
4.3	7.9E-4	[6.2953605E-4	9.899123E-4]
4.4	6.4E-4	[4.9687515E-4	8.2270487E-4]
4.5	4.9E-4	[3.6638364E-4	6.5337867E-4]
4.6	4.1E-4	[2.980176E-4	5.618773E-4]
4.7	3.6E-4	[2.5586903E-4	5.041289E-4]
4.8	2.8E-4	[1.8965195E-4	4.1056133E-4]
4.9	2.2E-4	[1.4132302E-4	3.3911917E-4]
5.0	1.7E-4	[1.02310594E-4	2.7840282E-4]
5.1	1.5E-4	[8.714325E-5	2.5371244E-4]
5.2	1.3E-4	[7.23001E-5	2.287271E-4]
5.3	1.3E-4	[7.23001E-5	2.287271E-4]
5.4	9.0E-5	[4.39234E-5	1.7758983E-4]
5.5	7.0E-5	[3.0673422E-5	1.5121036E-4]
5.6	5.0E-5	[1.8407845E-5	1.2402E-4]
5.7	4.0E-5	[1.2813544E-5	1.10003224E-4]
5.8	2.0E-5	[3.4641096E-6	8.066479E-5]
5.9	2.0E-5	[3.4641096E-6	8.066479E-5]
6.0	1.0E-5	[5.219861E-7	6.4949265E-5]
6.1	1.0E-5	[5.219861E-7	6.4949265E-5]
6.2	1.0E-5	[5.219861E-7	6.4949265E-5]
6.3	0.0	[0.0	4.7892154E-5]
6.4	0.0	[0.0	4.7892154E-5]
6.5	0.0	[0.0	4.7892154E-5]
6.6	0.0	[0.0	4.7892154E-5]
6.7	0.0	[0.0	4.7892154E-5]
6.8	0.0	[0.0	4.7892154E-5]
6.9	0.0	[0.0	4.7892154E-5]
7.0	0.0	[0.0	4.7892154E-5]
7.1	0.0	[0.0	4.7892154E-5]
7.2	0.0	[0.0	4.7892154E-5]
7.3	0.0	[0.0	4.7892154E-5]
7.4	0.0	[0.0	4.7892154E-5]
7.5	0.0	[0.0	4.7892154E-5]
7.6	0.0	[0.0	4.7892154E-5]
7.7	0.0	[0.0	4.7892154E-5]
7.8	0.0	[0.0	4.7892154E-5]
7.9	0.0	[0.0	4.7892154E-5]
8.0	0.0	[0.0	4.7892154E-5]
8.1	0.0	[0.0	4.7892154E-5]
8.2	0.0	[0.0	4.7892154E-5]
8.3	0.0	[0.0	4.7892154E-5]
8.4	0.0	[0.0	0.0]
8.5	0.0	[0.0	0.0]
8.6	0.0	[0.0	0.0]
8.7	0.0	[0.0	0.0]
8.8	0.0	[0.0	0.0]
8.9	0.0	[0.0	0.0]
9.0	0.0	[0.0	0.0]



DATASET #8

     Name: Supra
   Points: 66
     Info: 

Data[x,y]:
2.5	  0.0
2.6	  0.0
2.7	  0.0
2.8	  0.0
2.9	  0.0
3.0	  0.0
3.1	  0.0
3.2	  0.0
3.3	  0.0
3.4	  0.0
3.5	  0.0
3.6	  0.0
3.7	  0.0
3.8	  0.0
3.9	  0.0
4.0	  0.0
4.1	  0.0
4.2	  0.0
4.3	  0.0
4.4	  0.0
4.5	  0.0
4.6	  0.0
4.7	  0.0
4.8	  0.0
4.9	  0.0
5.0	  0.0
5.1	  0.0
5.2	  0.0
5.3	  0.0
5.4	  0.0
5.5	  0.0
5.6	  0.0
5.7	  0.0
5.8	  0.0
5.9	  0.0
6.0	  0.0
6.1	  0.0
6.2	  0.0
6.3	  0.0
6.4	  0.0
6.5	  0.0
6.6	  0.0
6.7	  0.0
6.8	  0.0
6.9	  0.0
7.0	  0.0
7.1	  0.0
7.2	  0.0
7.3	  0.0
7.4	  0.0
7.5	  0.0
7.6	  0.0
7.7	  0.0
7.8	  0.0
7.9	  0.0
8.0	  0.0
8.1	  0.0
8.2	  0.0
8.3	  0.0
8.4	  0.0
8.5	  0.0
8.6	  0.0
8.7	  0.0
8.8	  0.0
8.9	  0.0
9.0	  0.0



DATASET #9

     Name: Primary
   Points: 66
     Info: 

Data[x,y]:
2.5	  0.0284
2.6	  0.02208
2.7	  0.0175
2.8	  0.01403
2.9	  0.01117
3.0	  0.00898
3.1	  0.0071
3.2	  0.00568
3.3	  0.00465
3.4	  0.00387
3.5	  0.00315
3.6	  0.0026
3.7	  0.002
3.8	  0.00151
3.9	  0.00117
4.0	  9.7E-4
4.1	  7.9E-4
4.2	  5.5E-4
4.3	  4.8E-4
4.4	  3.7E-4
4.5	  2.9E-4
4.6	  2.3E-4
4.7	  2.0E-4
4.8	  1.7E-4
4.9	  1.4E-4
5.0	  1.2E-4
5.1	  1.1E-4
5.2	  9.0E-5
5.3	  9.0E-5
5.4	  5.0E-5
5.5	  4.0E-5
5.6	  2.0E-5
5.7	  1.0E-5
5.8	  1.0E-5
5.9	  1.0E-5
6.0	  1.0E-5
6.1	  1.0E-5
6.2	  1.0E-5
6.3	  0.0
6.4	  0.0
6.5	  0.0
6.6	  0.0
6.7	  0.0
6.8	  0.0
6.9	  0.0
7.0	  0.0
7.1	  0.0
7.2	  0.0
7.3	  0.0
7.4	  0.0
7.5	  0.0
7.6	  0.0
7.7	  0.0
7.8	  0.0
7.9	  0.0
8.0	  0.0
8.1	  0.0
8.2	  0.0
8.3	  0.0
8.4	  0.0
8.5	  0.0
8.6	  0.0
8.7	  0.0
8.8	  0.0
8.9	  0.0
9.0	  0.0


