
X-Axis: Magnitude
Y-Axis: 1 Month Cumulative Number
Number of Data Sets: 9


DATASET #1

     Name: Mean
   Points: 66
     Info: 

Data[x,y]:
2.5	  30.12437
2.6	  23.91412
2.7	  19.00486
2.8	  15.09523
2.9	  11.98716
3.0	  9.51627
3.1	  7.56375
3.2	  6.01069
3.3	  4.77636
3.4	  3.79193
3.5	  3.01546
3.6	  2.39255
3.7	  1.89926
3.8	  1.50732
3.9	  1.20033
4.0	  0.95455
4.1	  0.758
4.2	  0.60293
4.3	  0.47948
4.4	  0.38024
4.5	  0.30233
4.6	  0.23965
4.7	  0.19005
4.8	  0.15078
4.9	  0.11946
5.0	  0.0938
5.1	  0.0739
5.2	  0.05863
5.3	  0.0458
5.4	  0.03546
5.5	  0.02775
5.6	  0.02143
5.7	  0.01669
5.8	  0.0128
5.9	  0.0094
6.0	  0.00723
6.1	  0.00523
6.2	  0.0036
6.3	  0.0028
6.4	  0.00211
6.5	  0.00151
6.6	  0.00128
6.7	  0.00109
6.8	  8.8E-4
6.9	  6.6E-4
7.0	  4.4E-4
7.1	  3.7E-4
7.2	  3.0E-4
7.3	  2.2E-4
7.4	  1.8E-4
7.5	  1.3E-4
7.6	  8.0E-5
7.7	  3.0E-5
7.8	  0.0
7.9	  0.0
8.0	  0.0
8.1	  0.0
8.2	  0.0
8.3	  0.0
8.4	  0.0
8.5	  0.0
8.6	  0.0
8.7	  0.0
8.8	  0.0
8.9	  0.0
9.0	  0.0



DATASET #2

     Name: 2.5%,97.5%
   Points: 66
     Info: 

Data[x,y]:
2.5	  12.0
2.6	  9.0
2.7	  6.0
2.8	  4.0
2.9	  3.0
3.0	  2.0
3.1	  1.0
3.2	  1.0
3.3	  0.0
3.4	  0.0
3.5	  0.0
3.6	  0.0
3.7	  0.0
3.8	  0.0
3.9	  0.0
4.0	  0.0
4.1	  0.0
4.2	  0.0
4.3	  0.0
4.4	  0.0
4.5	  0.0
4.6	  0.0
4.7	  0.0
4.8	  0.0
4.9	  0.0
5.0	  0.0
5.1	  0.0
5.2	  0.0
5.3	  0.0
5.4	  0.0
5.5	  0.0
5.6	  0.0
5.7	  0.0
5.8	  0.0
5.9	  0.0
6.0	  0.0
6.1	  0.0
6.2	  0.0
6.3	  0.0
6.4	  0.0
6.5	  0.0
6.6	  0.0
6.7	  0.0
6.8	  0.0
6.9	  0.0
7.0	  0.0
7.1	  0.0
7.2	  0.0
7.3	  0.0
7.4	  0.0
7.5	  0.0
7.6	  0.0
7.7	  0.0
7.8	  0.0
7.9	  0.0
8.0	  0.0
8.1	  0.0
8.2	  0.0
8.3	  0.0
8.4	  0.0
8.5	  0.0
8.6	  0.0
8.7	  0.0
8.8	  0.0
8.9	  0.0
9.0	  0.0



DATASET #3

     Name: null
   Points: 66
     Info: 

Data[x,y]:
2.5	  71.0
2.6	  57.0
2.7	  46.0
2.8	  37.0
2.9	  30.0
3.0	  24.0
3.1	  20.0
3.2	  16.0
3.3	  13.0
3.4	  11.0
3.5	  9.0
3.6	  8.0
3.7	  7.0
3.8	  6.0
3.9	  5.0
4.0	  4.0
4.1	  4.0
4.2	  3.0
4.3	  3.0
4.4	  2.0
4.5	  2.0
4.6	  2.0
4.7	  2.0
4.8	  1.0
4.9	  1.0
5.0	  1.0
5.1	  1.0
5.2	  1.0
5.3	  1.0
5.4	  1.0
5.5	  0.0
5.6	  0.0
5.7	  0.0
5.8	  0.0
5.9	  0.0
6.0	  0.0
6.1	  0.0
6.2	  0.0
6.3	  0.0
6.4	  0.0
6.5	  0.0
6.6	  0.0
6.7	  0.0
6.8	  0.0
6.9	  0.0
7.0	  0.0
7.1	  0.0
7.2	  0.0
7.3	  0.0
7.4	  0.0
7.5	  0.0
7.6	  0.0
7.7	  0.0
7.8	  0.0
7.9	  0.0
8.0	  0.0
8.1	  0.0
8.2	  0.0
8.3	  0.0
8.4	  0.0
8.5	  0.0
8.6	  0.0
8.7	  0.0
8.8	  0.0
8.9	  0.0
9.0	  0.0



DATASET #4

     Name: Median
   Points: 66
     Info: 

Data[x,y]:
2.5	  23.0
2.6	  18.0
2.7	  14.0
2.8	  11.0
2.9	  9.0
3.0	  7.0
3.1	  6.0
3.2	  4.0
3.3	  3.0
3.4	  3.0
3.5	  2.0
3.6	  2.0
3.7	  1.0
3.8	  1.0
3.9	  1.0
4.0	  0.0
4.1	  0.0
4.2	  0.0
4.3	  0.0
4.4	  0.0
4.5	  0.0
4.6	  0.0
4.7	  0.0
4.8	  0.0
4.9	  0.0
5.0	  0.0
5.1	  0.0
5.2	  0.0
5.3	  0.0
5.4	  0.0
5.5	  0.0
5.6	  0.0
5.7	  0.0
5.8	  0.0
5.9	  0.0
6.0	  0.0
6.1	  0.0
6.2	  0.0
6.3	  0.0
6.4	  0.0
6.5	  0.0
6.6	  0.0
6.7	  0.0
6.8	  0.0
6.9	  0.0
7.0	  0.0
7.1	  0.0
7.2	  0.0
7.3	  0.0
7.4	  0.0
7.5	  0.0
7.6	  0.0
7.7	  0.0
7.8	  0.0
7.9	  0.0
8.0	  0.0
8.1	  0.0
8.2	  0.0
8.3	  0.0
8.4	  0.0
8.5	  0.0
8.6	  0.0
8.7	  0.0
8.8	  0.0
8.9	  0.0
9.0	  0.0



DATASET #5

     Name: Mode
   Points: 66
     Info: 

Data[x,y]:
2.5	  20.0
2.6	  16.0
2.7	  13.0
2.8	  10.0
2.9	  8.0
3.0	  6.0
3.1	  5.0
3.2	  4.0
3.3	  3.0
3.4	  2.0
3.5	  1.0
3.6	  1.0
3.7	  1.0
3.8	  0.0
3.9	  0.0
4.0	  0.0
4.1	  0.0
4.2	  0.0
4.3	  0.0
4.4	  0.0
4.5	  0.0
4.6	  0.0
4.7	  0.0
4.8	  0.0
4.9	  0.0
5.0	  0.0
5.1	  0.0
5.2	  0.0
5.3	  0.0
5.4	  0.0
5.5	  0.0
5.6	  0.0
5.7	  0.0
5.8	  0.0
5.9	  0.0
6.0	  0.0
6.1	  0.0
6.2	  0.0
6.3	  0.0
6.4	  0.0
6.5	  0.0
6.6	  0.0
6.7	  0.0
6.8	  0.0
6.9	  0.0
7.0	  0.0
7.1	  0.0
7.2	  0.0
7.3	  0.0
7.4	  0.0
7.5	  0.0
7.6	  0.0
7.7	  0.0
7.8	  0.0
7.9	  0.0
8.0	  0.0
8.1	  0.0
8.2	  0.0
8.3	  0.0
8.4	  0.0
8.5	  0.0
8.6	  0.0
8.7	  0.0
8.8	  0.0
8.9	  0.0
9.0	  0.0



DATASET #6

     Name: 1 mo Prob
   Points: 66
     Info: 

Data[x,y]:
2.5	  1.0
2.6	  1.0
2.7	  1.0
2.8	  0.99993
2.9	  0.99947
3.0	  0.9978
3.1	  0.99257
3.2	  0.98087
3.3	  0.95726
3.4	  0.9204
3.5	  0.8684
3.6	  0.8028
3.7	  0.72747
3.8	  0.6465
3.9	  0.56581
4.0	  0.487
4.1	  0.41386
4.2	  0.34915
4.3	  0.29153
4.4	  0.24119
4.5	  0.19797
4.6	  0.16207
4.7	  0.13165
4.8	  0.10725
4.9	  0.08692
5.0	  0.06942
5.1	  0.05583
5.2	  0.04511
5.3	  0.03565
5.4	  0.02817
5.5	  0.02251
5.6	  0.01768
5.7	  0.01408
5.8	  0.01094
5.9	  0.0082
6.0	  0.00633
6.1	  0.00466
6.2	  0.00327
6.3	  0.00255
6.4	  0.00191
6.5	  0.00138
6.6	  0.00121
6.7	  0.00103
6.8	  8.5E-4
6.9	  6.6E-4
7.0	  4.4E-4
7.1	  3.7E-4
7.2	  3.0E-4
7.3	  2.2E-4
7.4	  1.8E-4
7.5	  1.3E-4
7.6	  8.0E-5
7.7	  3.0E-5
7.8	  0.0
7.9	  0.0
8.0	  0.0
8.1	  0.0
8.2	  0.0
8.3	  0.0
8.4	  0.0
8.5	  0.0
8.6	  0.0
8.7	  0.0
8.8	  0.0
8.9	  0.0
9.0	  0.0



DATASET #7

Name: 95% Conf
Num Points: 66
Info: 

X, Y Data:
2.5	1.0	[1.0	1.0]
2.6	1.0	[1.0	1.0]
2.7	1.0	[1.0	1.0]
2.8	0.99993	[0.9998488	0.9999693]
2.9	0.99947	[0.9993012	0.9995991]
3.0	0.9978	[0.9974845	0.99807656]
3.1	0.99257	[0.99201334	0.9930885]
3.2	0.98087	[0.9799972	0.9817056]
3.3	0.95726	[0.9559836	0.95850116]
3.4	0.9204	[0.9187011	0.9220665]
3.5	0.8684	[0.8662855	0.87048614]
3.6	0.8028	[0.8003172	0.80525947]
3.7	0.72747	[0.7246965	0.730226]
3.8	0.6465	[0.6435264	0.64946234]
3.9	0.56581	[0.56273043	0.5688845]
4.0	0.487	[0.48389757	0.49010342]
4.1	0.41386	[0.41080567	0.41692096]
4.2	0.34915	[0.34619623	0.3521154]
4.3	0.29153	[0.28871626	0.2943598]
4.4	0.24119	[0.23854344	0.24385649]
4.5	0.19797	[0.1955069	0.20045635]
4.6	0.16207	[0.15979394	0.16437209]
4.7	0.13165	[0.12956356	0.13376482]
4.8	0.10725	[0.10534223	0.10918802]
4.9	0.08692	[0.08518477	0.088687055]
5.0	0.06942	[0.06785619	0.07101699]
5.1	0.05583	[0.054419015	0.057275232]
5.2	0.04511	[0.04383607	0.046419017]
5.3	0.03565	[0.034513578	0.036822252]
5.4	0.02817	[0.027157553	0.029218875]
5.5	0.02251	[0.021603886	0.023452997]
5.6	0.01768	[0.016876632	0.018520651]
5.7	0.01408	[0.013363308	0.01483428]
5.8	0.01094	[0.010308945	0.011608921]
5.9	0.0082	[0.0076548	0.008783322]
6.0	0.00633	[0.005852238	0.006846076]
6.1	0.00466	[0.0042517143	0.005106793]
6.2	0.00327	[0.0029299941	0.0036487074]
6.3	0.00255	[0.0022512495	0.0028875791]
6.4	0.00191	[0.0016531979	0.0022057751]
6.5	0.00138	[0.0011636892	0.0016354489]
6.6	0.00121	[0.0010082886	0.0014509186]
6.7	0.00103	[8.4491447E-4	0.0012543806]
6.8	8.5E-4	[6.830657E-4	0.0010563391]
6.9	6.6E-4	[5.1445427E-4	8.4510597E-4]
7.0	4.4E-4	[3.2353326E-4	5.96308E-4]
7.1	3.7E-4	[2.6425757E-4	5.157182E-4]
7.2	3.0E-4	[2.060413E-4	4.3411064E-4]
7.3	2.2E-4	[1.4132302E-4	3.3911917E-4]
7.4	1.8E-4	[1.0999825E-4	2.9065256E-4]
7.5	1.3E-4	[7.23001E-5	2.287271E-4]
7.6	8.0E-5	[3.7198402E-5	1.6448459E-4]
7.7	3.0E-5	[7.747817E-6	9.559829E-5]
7.8	0.0	[0.0	4.7892154E-5]
7.9	0.0	[0.0	4.7892154E-5]
8.0	0.0	[0.0	4.7892154E-5]
8.1	0.0	[0.0	4.7892154E-5]
8.2	0.0	[0.0	4.7892154E-5]
8.3	0.0	[0.0	4.7892154E-5]
8.4	0.0	[0.0	0.0]
8.5	0.0	[0.0	0.0]
8.6	0.0	[0.0	0.0]
8.7	0.0	[0.0	0.0]
8.8	0.0	[0.0	0.0]
8.9	0.0	[0.0	0.0]
9.0	0.0	[0.0	0.0]



DATASET #8

     Name: Supra
   Points: 66
     Info: 

Data[x,y]:
2.5	  0.00218
2.6	  0.00218
2.7	  0.00218
2.8	  0.00218
2.9	  0.00218
3.0	  0.00218
3.1	  0.00218
3.2	  0.00218
3.3	  0.00218
3.4	  0.00218
3.5	  0.00218
3.6	  0.00218
3.7	  0.00218
3.8	  0.00218
3.9	  0.00218
4.0	  0.00218
4.1	  0.00218
4.2	  0.00218
4.3	  0.00218
4.4	  0.00218
4.5	  0.00218
4.6	  0.00218
4.7	  0.00218
4.8	  0.00218
4.9	  0.00218
5.0	  0.00218
5.1	  0.00218
5.2	  0.00218
5.3	  0.00218
5.4	  0.00218
5.5	  0.00218
5.6	  0.00218
5.7	  0.00218
5.8	  0.00218
5.9	  0.00218
6.0	  0.00218
6.1	  0.00186
6.2	  0.00158
6.3	  0.00138
6.4	  0.00118
6.5	  9.2E-4
6.6	  8.5E-4
6.7	  7.9E-4
6.8	  6.6E-4
6.9	  5.5E-4
7.0	  3.8E-4
7.1	  3.4E-4
7.2	  2.9E-4
7.3	  2.1E-4
7.4	  1.8E-4
7.5	  1.3E-4
7.6	  8.0E-5
7.7	  3.0E-5
7.8	  0.0
7.9	  0.0
8.0	  0.0
8.1	  0.0
8.2	  0.0
8.3	  0.0
8.4	  0.0
8.5	  0.0
8.6	  0.0
8.7	  0.0
8.8	  0.0
8.9	  0.0
9.0	  0.0



DATASET #9

     Name: Primary
   Points: 66
     Info: 

Data[x,y]:
2.5	  18.53429
2.6	  14.7165
2.7	  11.701
2.8	  9.29347
2.9	  7.37567
3.0	  5.8564
3.1	  4.65579
3.2	  3.69758
3.3	  2.93673
3.4	  2.33323
3.5	  1.85446
3.6	  1.47226
3.7	  1.17034
3.8	  0.9284
3.9	  0.73881
4.0	  0.5879
4.1	  0.46664
4.2	  0.37155
4.3	  0.29517
4.4	  0.23364
4.5	  0.18478
4.6	  0.14641
4.7	  0.11566
4.8	  0.09184
4.9	  0.07286
5.0	  0.057
5.1	  0.04499
5.2	  0.03586
5.3	  0.02794
5.4	  0.02186
5.5	  0.01729
5.6	  0.01334
5.7	  0.01043
5.8	  0.00806
5.9	  0.00598
6.0	  0.00452
6.1	  0.00334
6.2	  0.00238
6.3	  0.00184
6.4	  0.00141
6.5	  9.7E-4
6.6	  8.3E-4
6.7	  6.9E-4
6.8	  5.9E-4
6.9	  4.5E-4
7.0	  2.8E-4
7.1	  2.3E-4
7.2	  2.1E-4
7.3	  1.6E-4
7.4	  1.3E-4
7.5	  1.0E-4
7.6	  5.0E-5
7.7	  0.0
7.8	  0.0
7.9	  0.0
8.0	  0.0
8.1	  0.0
8.2	  0.0
8.3	  0.0
8.4	  0.0
8.5	  0.0
8.6	  0.0
8.7	  0.0
8.8	  0.0
8.9	  0.0
9.0	  0.0


