
X-Axis: Magnitude
Y-Axis: 1 Year Cumulative Number
Number of Data Sets: 9


DATASET #1

     Name: Mean
   Points: 66
     Info: 

Data[x,y]:
2.5	  303.3509
2.6	  240.94476
2.7	  191.36008
2.8	  151.98952
2.9	  120.71155
3.0	  95.87194
3.1	  76.15781
3.2	  60.49595
3.3	  48.05059
3.4	  38.14245
3.5	  30.30028
3.6	  24.07891
3.7	  19.12596
3.8	  15.18243
3.9	  12.04692
4.0	  9.56088
4.1	  7.58135
4.2	  6.01802
4.3	  4.77423
4.4	  3.7867
4.5	  3.00705
4.6	  2.38449
4.7	  1.88736
4.8	  1.49085
4.9	  1.1765
5.0	  0.92897
5.1	  0.73249
5.2	  0.57703
5.3	  0.45462
5.4	  0.35583
5.5	  0.27665
5.6	  0.21591
5.7	  0.16591
5.8	  0.12629
5.9	  0.09459
6.0	  0.07279
6.1	  0.05334
6.2	  0.03586
6.3	  0.02668
6.4	  0.0204
6.5	  0.01559
6.6	  0.01259
6.7	  0.01009
6.8	  0.00799
6.9	  0.0061
7.0	  0.00465
7.1	  0.00395
7.2	  0.00297
7.3	  0.00215
7.4	  0.0019
7.5	  0.0015
7.6	  7.7E-4
7.7	  2.5E-4
7.8	  1.6E-4
7.9	  1.0E-4
8.0	  3.0E-5
8.1	  0.0
8.2	  0.0
8.3	  0.0
8.4	  0.0
8.5	  0.0
8.6	  0.0
8.7	  0.0
8.8	  0.0
8.9	  0.0
9.0	  0.0



DATASET #2

     Name: 2.5%,97.5%
   Points: 66
     Info: 

Data[x,y]:
2.5	  171.0
2.6	  134.0
2.7	  104.0
2.8	  81.0
2.9	  62.0
3.0	  48.0
3.1	  37.0
3.2	  28.0
3.3	  21.0
3.4	  16.0
3.5	  12.0
3.6	  8.0
3.7	  6.0
3.8	  4.0
3.9	  3.0
4.0	  2.0
4.1	  1.0
4.2	  1.0
4.3	  0.0
4.4	  0.0
4.5	  0.0
4.6	  0.0
4.7	  0.0
4.8	  0.0
4.9	  0.0
5.0	  0.0
5.1	  0.0
5.2	  0.0
5.3	  0.0
5.4	  0.0
5.5	  0.0
5.6	  0.0
5.7	  0.0
5.8	  0.0
5.9	  0.0
6.0	  0.0
6.1	  0.0
6.2	  0.0
6.3	  0.0
6.4	  0.0
6.5	  0.0
6.6	  0.0
6.7	  0.0
6.8	  0.0
6.9	  0.0
7.0	  0.0
7.1	  0.0
7.2	  0.0
7.3	  0.0
7.4	  0.0
7.5	  0.0
7.6	  0.0
7.7	  0.0
7.8	  0.0
7.9	  0.0
8.0	  0.0
8.1	  0.0
8.2	  0.0
8.3	  0.0
8.4	  0.0
8.5	  0.0
8.6	  0.0
8.7	  0.0
8.8	  0.0
8.9	  0.0
9.0	  0.0



DATASET #3

     Name: null
   Points: 66
     Info: 

Data[x,y]:
2.5	  737.0
2.6	  585.0
2.7	  465.0
2.8	  371.0
2.9	  295.0
3.0	  235.0
3.1	  187.0
3.2	  149.0
3.3	  119.0
3.4	  96.0
3.5	  77.0
3.6	  62.0
3.7	  50.0
3.8	  40.0
3.9	  32.0
4.0	  26.0
4.1	  21.0
4.2	  18.0
4.3	  15.0
4.4	  12.0
4.5	  10.0
4.6	  9.0
4.7	  7.0
4.8	  6.0
4.9	  5.0
5.0	  4.0
5.1	  4.0
5.2	  3.0
5.3	  3.0
5.4	  2.0
5.5	  2.0
5.6	  2.0
5.7	  2.0
5.8	  1.0
5.9	  1.0
6.0	  1.0
6.1	  1.0
6.2	  1.0
6.3	  0.0
6.4	  0.0
6.5	  0.0
6.6	  0.0
6.7	  0.0
6.8	  0.0
6.9	  0.0
7.0	  0.0
7.1	  0.0
7.2	  0.0
7.3	  0.0
7.4	  0.0
7.5	  0.0
7.6	  0.0
7.7	  0.0
7.8	  0.0
7.9	  0.0
8.0	  0.0
8.1	  0.0
8.2	  0.0
8.3	  0.0
8.4	  0.0
8.5	  0.0
8.6	  0.0
8.7	  0.0
8.8	  0.0
8.9	  0.0
9.0	  0.0



DATASET #4

     Name: Median
   Points: 66
     Info: 

Data[x,y]:
2.5	  229.0
2.6	  183.0
2.7	  145.0
2.8	  116.0
2.9	  92.0
3.0	  73.0
3.1	  58.0
3.2	  46.0
3.3	  37.0
3.4	  29.0
3.5	  23.0
3.6	  19.0
3.7	  15.0
3.8	  12.0
3.9	  9.0
4.0	  7.0
4.1	  6.0
4.2	  4.0
4.3	  3.0
4.4	  3.0
4.5	  2.0
4.6	  2.0
4.7	  1.0
4.8	  1.0
4.9	  1.0
5.0	  0.0
5.1	  0.0
5.2	  0.0
5.3	  0.0
5.4	  0.0
5.5	  0.0
5.6	  0.0
5.7	  0.0
5.8	  0.0
5.9	  0.0
6.0	  0.0
6.1	  0.0
6.2	  0.0
6.3	  0.0
6.4	  0.0
6.5	  0.0
6.6	  0.0
6.7	  0.0
6.8	  0.0
6.9	  0.0
7.0	  0.0
7.1	  0.0
7.2	  0.0
7.3	  0.0
7.4	  0.0
7.5	  0.0
7.6	  0.0
7.7	  0.0
7.8	  0.0
7.9	  0.0
8.0	  0.0
8.1	  0.0
8.2	  0.0
8.3	  0.0
8.4	  0.0
8.5	  0.0
8.6	  0.0
8.7	  0.0
8.8	  0.0
8.9	  0.0
9.0	  0.0



DATASET #5

     Name: Mode
   Points: 66
     Info: 

Data[x,y]:
2.5	  211.0
2.6	  164.0
2.7	  133.0
2.8	  106.0
2.9	  84.0
3.0	  67.0
3.1	  52.0
3.2	  42.0
3.3	  33.0
3.4	  26.0
3.5	  20.0
3.6	  16.0
3.7	  13.0
3.8	  10.0
3.9	  7.0
4.0	  6.0
4.1	  5.0
4.2	  4.0
4.3	  2.0
4.4	  2.0
4.5	  1.0
4.6	  1.0
4.7	  1.0
4.8	  0.0
4.9	  0.0
5.0	  0.0
5.1	  0.0
5.2	  0.0
5.3	  0.0
5.4	  0.0
5.5	  0.0
5.6	  0.0
5.7	  0.0
5.8	  0.0
5.9	  0.0
6.0	  0.0
6.1	  0.0
6.2	  0.0
6.3	  0.0
6.4	  0.0
6.5	  0.0
6.6	  0.0
6.7	  0.0
6.8	  0.0
6.9	  0.0
7.0	  0.0
7.1	  0.0
7.2	  0.0
7.3	  0.0
7.4	  0.0
7.5	  0.0
7.6	  0.0
7.7	  0.0
7.8	  0.0
7.9	  0.0
8.0	  0.0
8.1	  0.0
8.2	  0.0
8.3	  0.0
8.4	  0.0
8.5	  0.0
8.6	  0.0
8.7	  0.0
8.8	  0.0
8.9	  0.0
9.0	  0.0



DATASET #6

     Name: 1 yr Prob
   Points: 66
     Info: 

Data[x,y]:
2.5	  1.0
2.6	  1.0
2.7	  1.0
2.8	  1.0
2.9	  1.0
3.0	  1.0
3.1	  1.0
3.2	  1.0
3.3	  1.0
3.4	  1.0
3.5	  1.0
3.6	  1.0
3.7	  0.99999
3.8	  0.99985
3.9	  0.99922
4.0	  0.99701
4.1	  0.99063
4.2	  0.97704
4.3	  0.95136
4.4	  0.91122
4.5	  0.85886
4.6	  0.7922
4.7	  0.71577
4.8	  0.63631
4.9	  0.55385
5.0	  0.47644
5.1	  0.40346
5.2	  0.33767
5.3	  0.28089
5.4	  0.23118
5.5	  0.18746
5.6	  0.15188
5.7	  0.12135
5.8	  0.09562
5.9	  0.07352
6.0	  0.05791
6.1	  0.04381
6.2	  0.03053
6.3	  0.02307
6.4	  0.01747
6.5	  0.01343
6.6	  0.01132
6.7	  0.00912
6.8	  0.00736
6.9	  0.00576
7.0	  0.0045
7.1	  0.00387
7.2	  0.00292
7.3	  0.00211
7.4	  0.00188
7.5	  0.0015
7.6	  7.7E-4
7.7	  2.5E-4
7.8	  1.6E-4
7.9	  1.0E-4
8.0	  3.0E-5
8.1	  0.0
8.2	  0.0
8.3	  0.0
8.4	  0.0
8.5	  0.0
8.6	  0.0
8.7	  0.0
8.8	  0.0
8.9	  0.0
9.0	  0.0



DATASET #7

Name: 95% Conf
Num Points: 66
Info: 

X, Y Data:
2.5	1.0	[1.0	1.0]
2.6	1.0	[1.0	1.0]
2.7	1.0	[1.0	1.0]
2.8	1.0	[1.0	1.0]
2.9	1.0	[1.0	1.0]
3.0	1.0	[1.0	1.0]
3.1	1.0	[1.0	1.0]
3.2	1.0	[1.0	1.0]
3.3	1.0	[1.0	1.0]
3.4	1.0	[1.0	1.0]
3.5	1.0	[1.0	1.0]
3.6	1.0	[1.0	1.0]
3.7	0.99999	[0.99993503	0.99999946]
3.8	0.99985	[0.99974626	0.99991286]
3.9	0.99922	[0.9990212	0.99937934]
4.0	0.99701	[0.9966467	0.99733454]
4.1	0.99063	[0.99000853	0.99121344]
4.2	0.97704	[0.9760881	0.97795504]
4.3	0.95136	[0.9500042	0.952681]
4.4	0.91122	[0.9094362	0.9129721]
4.5	0.85886	[0.85668325	0.8610091]
4.6	0.7922	[0.78966904	0.7947085]
4.7	0.71577	[0.71296114	0.71856225]
4.8	0.63631	[0.6333182	0.63929135]
4.9	0.55385	[0.550762	0.5569339]
5.0	0.47644	[0.47334036	0.47954145]
5.1	0.40346	[0.40041804	0.40650937]
5.2	0.33767	[0.33474013	0.34061235]
5.3	0.28089	[0.27810785	0.28368902]
5.4	0.23118	[0.22857235	0.23380834]
5.5	0.18746	[0.18504806	0.189896]
5.6	0.15188	[0.1496639	0.15412292]
5.7	0.12135	[0.11933569	0.12339347]
5.8	0.09562	[0.09380788	0.097463265]
5.9	0.07352	[0.071913764	0.07515911]
6.0	0.05791	[0.05647427	0.059379816]
6.1	0.04381	[0.042553924	0.045101263]
6.2	0.03053	[0.029476669	0.031619567]
6.3	0.02307	[0.022152767	0.024024071]
6.4	0.01747	[0.01667142	0.018305883]
6.5	0.01343	[0.0127301505	0.014167494]
6.6	0.01132	[0.010677957	0.011999874]
6.7	0.00912	[0.008544525	0.009733508]
6.8	0.00736	[0.0068440014	0.007914205]
6.9	0.00576	[0.00530477	0.006253606]
7.0	0.0045	[0.0040989933	0.0049395342]
7.1	0.00387	[0.0034990113	0.0042796005]
7.2	0.00292	[0.0025994065	0.0032793537]
7.3	0.00211	[0.0018394192	0.002419504]
7.4	0.00188	[0.0016253261	0.0021736547]
7.5	0.0015	[0.0012739196	0.0017651755]
7.6	7.7E-4	[6.11747E-4	9.67717E-4]
7.7	2.5E-4	[1.6531504E-4	3.7500297E-4]
7.8	1.6E-4	[9.4690186E-5	2.6609126E-4]
7.9	1.0E-4	[5.08174E-5	1.9054979E-4]
8.0	3.0E-5	[7.747817E-6	9.559829E-5]
8.1	0.0	[0.0	4.7892154E-5]
8.2	0.0	[0.0	4.7892154E-5]
8.3	0.0	[0.0	4.7892154E-5]
8.4	0.0	[0.0	0.0]
8.5	0.0	[0.0	0.0]
8.6	0.0	[0.0	0.0]
8.7	0.0	[0.0	0.0]
8.8	0.0	[0.0	0.0]
8.9	0.0	[0.0	0.0]
9.0	0.0	[0.0	0.0]



DATASET #8

     Name: Supra
   Points: 66
     Info: 

Data[x,y]:
2.5	  0.0213
2.6	  0.0213
2.7	  0.0213
2.8	  0.0213
2.9	  0.0213
3.0	  0.0213
3.1	  0.0213
3.2	  0.0213
3.3	  0.0213
3.4	  0.0213
3.5	  0.0213
3.6	  0.0213
3.7	  0.0213
3.8	  0.0213
3.9	  0.0213
4.0	  0.0213
4.1	  0.0213
4.2	  0.0213
4.3	  0.0213
4.4	  0.0213
4.5	  0.0213
4.6	  0.0213
4.7	  0.0213
4.8	  0.0213
4.9	  0.0213
5.0	  0.0213
5.1	  0.0213
5.2	  0.0213
5.3	  0.0213
5.4	  0.0213
5.5	  0.0213
5.6	  0.0213
5.7	  0.0213
5.8	  0.0213
5.9	  0.02129
6.0	  0.02127
6.1	  0.0183
6.2	  0.01438
6.3	  0.01172
6.4	  0.01015
6.5	  0.00856
6.6	  0.00787
6.7	  0.00678
6.8	  0.00584
6.9	  0.00474
7.0	  0.00386
7.1	  0.00348
7.2	  0.00269
7.3	  0.00197
7.4	  0.00183
7.5	  0.0015
7.6	  7.7E-4
7.7	  2.5E-4
7.8	  1.6E-4
7.9	  1.0E-4
8.0	  3.0E-5
8.1	  0.0
8.2	  0.0
8.3	  0.0
8.4	  0.0
8.5	  0.0
8.6	  0.0
8.7	  0.0
8.8	  0.0
8.9	  0.0
9.0	  0.0



DATASET #9

     Name: Primary
   Points: 66
     Info: 

Data[x,y]:
2.5	  155.40662
2.6	  123.43418
2.7	  98.02961
2.8	  77.84937
2.9	  61.82764
3.0	  49.10277
3.1	  39.00906
3.2	  30.99065
3.3	  24.62188
3.4	  19.54048
3.5	  15.51536
3.6	  12.32578
3.7	  9.7959
3.8	  7.77404
3.9	  6.16671
4.0	  4.89663
4.1	  3.8808
4.2	  3.07924
4.3	  2.44431
4.4	  1.93751
4.5	  1.53827
4.6	  1.21786
4.7	  0.9638
4.8	  0.76299
4.9	  0.60153
5.0	  0.47411
5.1	  0.37385
5.2	  0.29365
5.3	  0.23145
5.4	  0.1817
5.5	  0.14104
5.6	  0.11026
5.7	  0.0853
5.8	  0.06503
5.9	  0.04842
6.0	  0.03687
6.1	  0.02767
6.2	  0.01865
6.3	  0.01408
6.4	  0.01052
6.5	  0.00802
6.6	  0.00674
6.7	  0.00539
6.8	  0.00443
6.9	  0.00345
7.0	  0.00265
7.1	  0.00227
7.2	  0.00171
7.3	  0.00129
7.4	  0.00117
7.5	  9.2E-4
7.6	  4.4E-4
7.7	  1.3E-4
7.8	  1.1E-4
7.9	  7.0E-5
8.0	  2.0E-5
8.1	  0.0
8.2	  0.0
8.3	  0.0
8.4	  0.0
8.5	  0.0
8.6	  0.0
8.7	  0.0
8.8	  0.0
8.9	  0.0
9.0	  0.0


