
X-Axis: Magnitude
Y-Axis: 1 Hour Cumulative Number
Number of Data Sets: 9


DATASET #1

     Name: Mean
   Points: 66
     Info: 

Data[x,y]:
2.5	  0.004
2.6	  0.00305
2.7	  0.00242
2.8	  0.00191
2.9	  0.00143
3.0	  0.00119
3.1	  9.2E-4
3.2	  7.1E-4
3.3	  5.6E-4
3.4	  4.3E-4
3.5	  3.1E-4
3.6	  2.2E-4
3.7	  1.7E-4
3.8	  1.5E-4
3.9	  1.1E-4
4.0	  9.0E-5
4.1	  5.0E-5
4.2	  4.0E-5
4.3	  4.0E-5
4.4	  3.0E-5
4.5	  2.0E-5
4.6	  1.0E-5
4.7	  1.0E-5
4.8	  1.0E-5
4.9	  1.0E-5
5.0	  1.0E-5
5.1	  1.0E-5
5.2	  1.0E-5
5.3	  1.0E-5
5.4	  1.0E-5
5.5	  0.0
5.6	  0.0
5.7	  0.0
5.8	  0.0
5.9	  0.0
6.0	  0.0
6.1	  0.0
6.2	  0.0
6.3	  0.0
6.4	  0.0
6.5	  0.0
6.6	  0.0
6.7	  0.0
6.8	  0.0
6.9	  0.0
7.0	  0.0
7.1	  0.0
7.2	  0.0
7.3	  0.0
7.4	  0.0
7.5	  0.0
7.6	  0.0
7.7	  0.0
7.8	  0.0
7.9	  0.0
8.0	  0.0
8.1	  0.0
8.2	  0.0
8.3	  0.0
8.4	  0.0
8.5	  0.0
8.6	  0.0
8.7	  0.0
8.8	  0.0
8.9	  0.0
9.0	  0.0



DATASET #2

     Name: 2.5%,97.5%
   Points: 66
     Info: 

Data[x,y]:
2.5	  0.0
2.6	  0.0
2.7	  0.0
2.8	  0.0
2.9	  0.0
3.0	  0.0
3.1	  0.0
3.2	  0.0
3.3	  0.0
3.4	  0.0
3.5	  0.0
3.6	  0.0
3.7	  0.0
3.8	  0.0
3.9	  0.0
4.0	  0.0
4.1	  0.0
4.2	  0.0
4.3	  0.0
4.4	  0.0
4.5	  0.0
4.6	  0.0
4.7	  0.0
4.8	  0.0
4.9	  0.0
5.0	  0.0
5.1	  0.0
5.2	  0.0
5.3	  0.0
5.4	  0.0
5.5	  0.0
5.6	  0.0
5.7	  0.0
5.8	  0.0
5.9	  0.0
6.0	  0.0
6.1	  0.0
6.2	  0.0
6.3	  0.0
6.4	  0.0
6.5	  0.0
6.6	  0.0
6.7	  0.0
6.8	  0.0
6.9	  0.0
7.0	  0.0
7.1	  0.0
7.2	  0.0
7.3	  0.0
7.4	  0.0
7.5	  0.0
7.6	  0.0
7.7	  0.0
7.8	  0.0
7.9	  0.0
8.0	  0.0
8.1	  0.0
8.2	  0.0
8.3	  0.0
8.4	  0.0
8.5	  0.0
8.6	  0.0
8.7	  0.0
8.8	  0.0
8.9	  0.0
9.0	  0.0



DATASET #3

     Name: null
   Points: 66
     Info: 

Data[x,y]:
2.5	  0.0
2.6	  0.0
2.7	  0.0
2.8	  0.0
2.9	  0.0
3.0	  0.0
3.1	  0.0
3.2	  0.0
3.3	  0.0
3.4	  0.0
3.5	  0.0
3.6	  0.0
3.7	  0.0
3.8	  0.0
3.9	  0.0
4.0	  0.0
4.1	  0.0
4.2	  0.0
4.3	  0.0
4.4	  0.0
4.5	  0.0
4.6	  0.0
4.7	  0.0
4.8	  0.0
4.9	  0.0
5.0	  0.0
5.1	  0.0
5.2	  0.0
5.3	  0.0
5.4	  0.0
5.5	  0.0
5.6	  0.0
5.7	  0.0
5.8	  0.0
5.9	  0.0
6.0	  0.0
6.1	  0.0
6.2	  0.0
6.3	  0.0
6.4	  0.0
6.5	  0.0
6.6	  0.0
6.7	  0.0
6.8	  0.0
6.9	  0.0
7.0	  0.0
7.1	  0.0
7.2	  0.0
7.3	  0.0
7.4	  0.0
7.5	  0.0
7.6	  0.0
7.7	  0.0
7.8	  0.0
7.9	  0.0
8.0	  0.0
8.1	  0.0
8.2	  0.0
8.3	  0.0
8.4	  0.0
8.5	  0.0
8.6	  0.0
8.7	  0.0
8.8	  0.0
8.9	  0.0
9.0	  0.0



DATASET #4

     Name: Median
   Points: 66
     Info: 

Data[x,y]:
2.5	  0.0
2.6	  0.0
2.7	  0.0
2.8	  0.0
2.9	  0.0
3.0	  0.0
3.1	  0.0
3.2	  0.0
3.3	  0.0
3.4	  0.0
3.5	  0.0
3.6	  0.0
3.7	  0.0
3.8	  0.0
3.9	  0.0
4.0	  0.0
4.1	  0.0
4.2	  0.0
4.3	  0.0
4.4	  0.0
4.5	  0.0
4.6	  0.0
4.7	  0.0
4.8	  0.0
4.9	  0.0
5.0	  0.0
5.1	  0.0
5.2	  0.0
5.3	  0.0
5.4	  0.0
5.5	  0.0
5.6	  0.0
5.7	  0.0
5.8	  0.0
5.9	  0.0
6.0	  0.0
6.1	  0.0
6.2	  0.0
6.3	  0.0
6.4	  0.0
6.5	  0.0
6.6	  0.0
6.7	  0.0
6.8	  0.0
6.9	  0.0
7.0	  0.0
7.1	  0.0
7.2	  0.0
7.3	  0.0
7.4	  0.0
7.5	  0.0
7.6	  0.0
7.7	  0.0
7.8	  0.0
7.9	  0.0
8.0	  0.0
8.1	  0.0
8.2	  0.0
8.3	  0.0
8.4	  0.0
8.5	  0.0
8.6	  0.0
8.7	  0.0
8.8	  0.0
8.9	  0.0
9.0	  0.0



DATASET #5

     Name: Mode
   Points: 66
     Info: 

Data[x,y]:
2.5	  0.0
2.6	  0.0
2.7	  0.0
2.8	  0.0
2.9	  0.0
3.0	  0.0
3.1	  0.0
3.2	  0.0
3.3	  0.0
3.4	  0.0
3.5	  0.0
3.6	  0.0
3.7	  0.0
3.8	  0.0
3.9	  0.0
4.0	  0.0
4.1	  0.0
4.2	  0.0
4.3	  0.0
4.4	  0.0
4.5	  0.0
4.6	  0.0
4.7	  0.0
4.8	  0.0
4.9	  0.0
5.0	  0.0
5.1	  0.0
5.2	  0.0
5.3	  0.0
5.4	  0.0
5.5	  0.0
5.6	  0.0
5.7	  0.0
5.8	  0.0
5.9	  0.0
6.0	  0.0
6.1	  0.0
6.2	  0.0
6.3	  0.0
6.4	  0.0
6.5	  0.0
6.6	  0.0
6.7	  0.0
6.8	  0.0
6.9	  0.0
7.0	  0.0
7.1	  0.0
7.2	  0.0
7.3	  0.0
7.4	  0.0
7.5	  0.0
7.6	  0.0
7.7	  0.0
7.8	  0.0
7.9	  0.0
8.0	  0.0
8.1	  0.0
8.2	  0.0
8.3	  0.0
8.4	  0.0
8.5	  0.0
8.6	  0.0
8.7	  0.0
8.8	  0.0
8.9	  0.0
9.0	  0.0



DATASET #6

     Name: 1 hr Prob
   Points: 66
     Info: 

Data[x,y]:
2.5	  0.0036
2.6	  0.00275
2.7	  0.00223
2.8	  0.00178
2.9	  0.00135
3.0	  0.00113
3.1	  8.9E-4
3.2	  6.8E-4
3.3	  5.5E-4
3.4	  4.2E-4
3.5	  3.1E-4
3.6	  2.2E-4
3.7	  1.7E-4
3.8	  1.5E-4
3.9	  1.1E-4
4.0	  9.0E-5
4.1	  5.0E-5
4.2	  4.0E-5
4.3	  4.0E-5
4.4	  3.0E-5
4.5	  2.0E-5
4.6	  1.0E-5
4.7	  1.0E-5
4.8	  1.0E-5
4.9	  1.0E-5
5.0	  1.0E-5
5.1	  1.0E-5
5.2	  1.0E-5
5.3	  1.0E-5
5.4	  1.0E-5
5.5	  0.0
5.6	  0.0
5.7	  0.0
5.8	  0.0
5.9	  0.0
6.0	  0.0
6.1	  0.0
6.2	  0.0
6.3	  0.0
6.4	  0.0
6.5	  0.0
6.6	  0.0
6.7	  0.0
6.8	  0.0
6.9	  0.0
7.0	  0.0
7.1	  0.0
7.2	  0.0
7.3	  0.0
7.4	  0.0
7.5	  0.0
7.6	  0.0
7.7	  0.0
7.8	  0.0
7.9	  0.0
8.0	  0.0
8.1	  0.0
8.2	  0.0
8.3	  0.0
8.4	  0.0
8.5	  0.0
8.6	  0.0
8.7	  0.0
8.8	  0.0
8.9	  0.0
9.0	  0.0



DATASET #7

Name: 95% Conf
Num Points: 66
Info: 

X, Y Data:
2.5	0.0036	[0.0032426296	0.0039960216]
2.6	0.00275	[0.0024392584	0.0030995323]
2.7	0.00223	[0.0019514654	0.0025474306]
2.8	0.00178	[0.0015325458	0.0020664625]
2.9	0.00135	[0.0011361974	0.0016029523]
3.0	0.00113	[9.3551364E-4	0.0013637304]
3.1	8.9E-4	[7.188779E-4	0.0011005001]
3.2	6.8E-4	[5.320696E-4	8.6747156E-4]
3.3	5.5E-4	[4.1826643E-4	7.2141475E-4]
3.4	4.2E-4	[3.065053E-4	5.7337113E-4]
3.5	3.1E-4	[2.1428046E-4	4.458429E-4]
3.6	2.2E-4	[1.4132302E-4	3.3911917E-4]
3.7	1.7E-4	[1.02310594E-4	2.7840282E-4]
3.8	1.5E-4	[8.714325E-5	2.5371244E-4]
3.9	1.1E-4	[5.7856672E-5	2.0338313E-4]
4.0	9.0E-5	[4.39234E-5	1.7758983E-4]
4.1	5.0E-5	[1.8407845E-5	1.2402E-4]
4.2	4.0E-5	[1.2813544E-5	1.10003224E-4]
4.3	4.0E-5	[1.2813544E-5	1.10003224E-4]
4.4	3.0E-5	[7.747817E-6	9.559829E-5]
4.5	2.0E-5	[3.4641096E-6	8.066479E-5]
4.6	1.0E-5	[5.219861E-7	6.4949265E-5]
4.7	1.0E-5	[5.219861E-7	6.4949265E-5]
4.8	1.0E-5	[5.219861E-7	6.4949265E-5]
4.9	1.0E-5	[5.219861E-7	6.4949265E-5]
5.0	1.0E-5	[5.219861E-7	6.4949265E-5]
5.1	1.0E-5	[5.219861E-7	6.4949265E-5]
5.2	1.0E-5	[5.219861E-7	6.4949265E-5]
5.3	1.0E-5	[5.219861E-7	6.4949265E-5]
5.4	1.0E-5	[5.219861E-7	6.4949265E-5]
5.5	0.0	[0.0	4.7892154E-5]
5.6	0.0	[0.0	4.7892154E-5]
5.7	0.0	[0.0	4.7892154E-5]
5.8	0.0	[0.0	4.7892154E-5]
5.9	0.0	[0.0	4.7892154E-5]
6.0	0.0	[0.0	4.7892154E-5]
6.1	0.0	[0.0	4.7892154E-5]
6.2	0.0	[0.0	4.7892154E-5]
6.3	0.0	[0.0	4.7892154E-5]
6.4	0.0	[0.0	4.7892154E-5]
6.5	0.0	[0.0	4.7892154E-5]
6.6	0.0	[0.0	4.7892154E-5]
6.7	0.0	[0.0	4.7892154E-5]
6.8	0.0	[0.0	4.7892154E-5]
6.9	0.0	[0.0	4.7892154E-5]
7.0	0.0	[0.0	4.7892154E-5]
7.1	0.0	[0.0	4.7892154E-5]
7.2	0.0	[0.0	4.7892154E-5]
7.3	0.0	[0.0	4.7892154E-5]
7.4	0.0	[0.0	4.7892154E-5]
7.5	0.0	[0.0	4.7892154E-5]
7.6	0.0	[0.0	4.7892154E-5]
7.7	0.0	[0.0	4.7892154E-5]
7.8	0.0	[0.0	4.7892154E-5]
7.9	0.0	[0.0	4.7892154E-5]
8.0	0.0	[0.0	4.7892154E-5]
8.1	0.0	[0.0	4.7892154E-5]
8.2	0.0	[0.0	4.7892154E-5]
8.3	0.0	[0.0	4.7892154E-5]
8.4	0.0	[0.0	0.0]
8.5	0.0	[0.0	0.0]
8.6	0.0	[0.0	0.0]
8.7	0.0	[0.0	0.0]
8.8	0.0	[0.0	0.0]
8.9	0.0	[0.0	0.0]
9.0	0.0	[0.0	0.0]



DATASET #8

     Name: Supra
   Points: 66
     Info: 

Data[x,y]:
2.5	  0.0
2.6	  0.0
2.7	  0.0
2.8	  0.0
2.9	  0.0
3.0	  0.0
3.1	  0.0
3.2	  0.0
3.3	  0.0
3.4	  0.0
3.5	  0.0
3.6	  0.0
3.7	  0.0
3.8	  0.0
3.9	  0.0
4.0	  0.0
4.1	  0.0
4.2	  0.0
4.3	  0.0
4.4	  0.0
4.5	  0.0
4.6	  0.0
4.7	  0.0
4.8	  0.0
4.9	  0.0
5.0	  0.0
5.1	  0.0
5.2	  0.0
5.3	  0.0
5.4	  0.0
5.5	  0.0
5.6	  0.0
5.7	  0.0
5.8	  0.0
5.9	  0.0
6.0	  0.0
6.1	  0.0
6.2	  0.0
6.3	  0.0
6.4	  0.0
6.5	  0.0
6.6	  0.0
6.7	  0.0
6.8	  0.0
6.9	  0.0
7.0	  0.0
7.1	  0.0
7.2	  0.0
7.3	  0.0
7.4	  0.0
7.5	  0.0
7.6	  0.0
7.7	  0.0
7.8	  0.0
7.9	  0.0
8.0	  0.0
8.1	  0.0
8.2	  0.0
8.3	  0.0
8.4	  0.0
8.5	  0.0
8.6	  0.0
8.7	  0.0
8.8	  0.0
8.9	  0.0
9.0	  0.0



DATASET #9

     Name: Primary
   Points: 66
     Info: 

Data[x,y]:
2.5	  0.00237
2.6	  0.00178
2.7	  0.00144
2.8	  0.00115
2.9	  8.4E-4
3.0	  7.0E-4
3.1	  5.9E-4
3.2	  4.8E-4
3.3	  3.7E-4
3.4	  2.7E-4
3.5	  2.0E-4
3.6	  1.3E-4
3.7	  1.0E-4
3.8	  9.0E-5
3.9	  6.0E-5
4.0	  5.0E-5
4.1	  2.0E-5
4.2	  1.0E-5
4.3	  1.0E-5
4.4	  0.0
4.5	  0.0
4.6	  0.0
4.7	  0.0
4.8	  0.0
4.9	  0.0
5.0	  0.0
5.1	  0.0
5.2	  0.0
5.3	  0.0
5.4	  0.0
5.5	  0.0
5.6	  0.0
5.7	  0.0
5.8	  0.0
5.9	  0.0
6.0	  0.0
6.1	  0.0
6.2	  0.0
6.3	  0.0
6.4	  0.0
6.5	  0.0
6.6	  0.0
6.7	  0.0
6.8	  0.0
6.9	  0.0
7.0	  0.0
7.1	  0.0
7.2	  0.0
7.3	  0.0
7.4	  0.0
7.5	  0.0
7.6	  0.0
7.7	  0.0
7.8	  0.0
7.9	  0.0
8.0	  0.0
8.1	  0.0
8.2	  0.0
8.3	  0.0
8.4	  0.0
8.5	  0.0
8.6	  0.0
8.7	  0.0
8.8	  0.0
8.9	  0.0
9.0	  0.0


