
X-Axis: Magnitude
Y-Axis: 1 Day Cumulative Number
Number of Data Sets: 9


DATASET #1

     Name: Mean
   Points: 66
     Info: 

Data[x,y]:
2.5	  2.50184
2.6	  1.99335
2.7	  1.58382
2.8	  1.25891
2.9	  0.99892
3.0	  0.79399
3.1	  0.62966
3.2	  0.4998
3.3	  0.39646
3.4	  0.3151
3.5	  0.24934
3.6	  0.1979
3.7	  0.15766
3.8	  0.12607
3.9	  0.10037
4.0	  0.07958
4.1	  0.06348
4.2	  0.05126
4.3	  0.04057
4.4	  0.03303
4.5	  0.0262
4.6	  0.02084
4.7	  0.01687
4.8	  0.01366
4.9	  0.01094
5.0	  0.00888
5.1	  0.00713
5.2	  0.00575
5.3	  0.00465
5.4	  0.00375
5.5	  0.00316
5.6	  0.00251
5.7	  0.00211
5.8	  0.00177
5.9	  0.00151
6.0	  0.00129
6.1	  0.00108
6.2	  8.4E-4
6.3	  6.0E-4
6.4	  4.7E-4
6.5	  3.4E-4
6.6	  2.6E-4
6.7	  2.0E-5
6.8	  2.0E-5
6.9	  0.0
7.0	  0.0
7.1	  0.0
7.2	  0.0
7.3	  0.0
7.4	  0.0
7.5	  0.0
7.6	  0.0
7.7	  0.0
7.8	  0.0
7.9	  0.0
8.0	  0.0
8.1	  0.0
8.2	  0.0
8.3	  0.0
8.4	  0.0
8.5	  0.0
8.6	  0.0
8.7	  0.0
8.8	  0.0
8.9	  0.0
9.0	  0.0



DATASET #2

     Name: 2.5%,97.5%
   Points: 66
     Info: 

Data[x,y]:
2.5	  0.0
2.6	  0.0
2.7	  0.0
2.8	  0.0
2.9	  0.0
3.0	  0.0
3.1	  0.0
3.2	  0.0
3.3	  0.0
3.4	  0.0
3.5	  0.0
3.6	  0.0
3.7	  0.0
3.8	  0.0
3.9	  0.0
4.0	  0.0
4.1	  0.0
4.2	  0.0
4.3	  0.0
4.4	  0.0
4.5	  0.0
4.6	  0.0
4.7	  0.0
4.8	  0.0
4.9	  0.0
5.0	  0.0
5.1	  0.0
5.2	  0.0
5.3	  0.0
5.4	  0.0
5.5	  0.0
5.6	  0.0
5.7	  0.0
5.8	  0.0
5.9	  0.0
6.0	  0.0
6.1	  0.0
6.2	  0.0
6.3	  0.0
6.4	  0.0
6.5	  0.0
6.6	  0.0
6.7	  0.0
6.8	  0.0
6.9	  0.0
7.0	  0.0
7.1	  0.0
7.2	  0.0
7.3	  0.0
7.4	  0.0
7.5	  0.0
7.6	  0.0
7.7	  0.0
7.8	  0.0
7.9	  0.0
8.0	  0.0
8.1	  0.0
8.2	  0.0
8.3	  0.0
8.4	  0.0
8.5	  0.0
8.6	  0.0
8.7	  0.0
8.8	  0.0
8.9	  0.0
9.0	  0.0



DATASET #3

     Name: null
   Points: 66
     Info: 

Data[x,y]:
2.5	  8.0
2.6	  7.0
2.7	  6.0
2.8	  5.0
2.9	  4.0
3.0	  3.0
3.1	  3.0
3.2	  3.0
3.3	  2.0
3.4	  2.0
3.5	  2.0
3.6	  2.0
3.7	  1.0
3.8	  1.0
3.9	  1.0
4.0	  1.0
4.1	  1.0
4.2	  1.0
4.3	  1.0
4.4	  1.0
4.5	  0.0
4.6	  0.0
4.7	  0.0
4.8	  0.0
4.9	  0.0
5.0	  0.0
5.1	  0.0
5.2	  0.0
5.3	  0.0
5.4	  0.0
5.5	  0.0
5.6	  0.0
5.7	  0.0
5.8	  0.0
5.9	  0.0
6.0	  0.0
6.1	  0.0
6.2	  0.0
6.3	  0.0
6.4	  0.0
6.5	  0.0
6.6	  0.0
6.7	  0.0
6.8	  0.0
6.9	  0.0
7.0	  0.0
7.1	  0.0
7.2	  0.0
7.3	  0.0
7.4	  0.0
7.5	  0.0
7.6	  0.0
7.7	  0.0
7.8	  0.0
7.9	  0.0
8.0	  0.0
8.1	  0.0
8.2	  0.0
8.3	  0.0
8.4	  0.0
8.5	  0.0
8.6	  0.0
8.7	  0.0
8.8	  0.0
8.9	  0.0
9.0	  0.0



DATASET #4

     Name: Median
   Points: 66
     Info: 

Data[x,y]:
2.5	  2.0
2.6	  1.0
2.7	  1.0
2.8	  1.0
2.9	  0.0
3.0	  0.0
3.1	  0.0
3.2	  0.0
3.3	  0.0
3.4	  0.0
3.5	  0.0
3.6	  0.0
3.7	  0.0
3.8	  0.0
3.9	  0.0
4.0	  0.0
4.1	  0.0
4.2	  0.0
4.3	  0.0
4.4	  0.0
4.5	  0.0
4.6	  0.0
4.7	  0.0
4.8	  0.0
4.9	  0.0
5.0	  0.0
5.1	  0.0
5.2	  0.0
5.3	  0.0
5.4	  0.0
5.5	  0.0
5.6	  0.0
5.7	  0.0
5.8	  0.0
5.9	  0.0
6.0	  0.0
6.1	  0.0
6.2	  0.0
6.3	  0.0
6.4	  0.0
6.5	  0.0
6.6	  0.0
6.7	  0.0
6.8	  0.0
6.9	  0.0
7.0	  0.0
7.1	  0.0
7.2	  0.0
7.3	  0.0
7.4	  0.0
7.5	  0.0
7.6	  0.0
7.7	  0.0
7.8	  0.0
7.9	  0.0
8.0	  0.0
8.1	  0.0
8.2	  0.0
8.3	  0.0
8.4	  0.0
8.5	  0.0
8.6	  0.0
8.7	  0.0
8.8	  0.0
8.9	  0.0
9.0	  0.0



DATASET #5

     Name: Mode
   Points: 66
     Info: 

Data[x,y]:
2.5	  1.0
2.6	  1.0
2.7	  0.0
2.8	  0.0
2.9	  0.0
3.0	  0.0
3.1	  0.0
3.2	  0.0
3.3	  0.0
3.4	  0.0
3.5	  0.0
3.6	  0.0
3.7	  0.0
3.8	  0.0
3.9	  0.0
4.0	  0.0
4.1	  0.0
4.2	  0.0
4.3	  0.0
4.4	  0.0
4.5	  0.0
4.6	  0.0
4.7	  0.0
4.8	  0.0
4.9	  0.0
5.0	  0.0
5.1	  0.0
5.2	  0.0
5.3	  0.0
5.4	  0.0
5.5	  0.0
5.6	  0.0
5.7	  0.0
5.8	  0.0
5.9	  0.0
6.0	  0.0
6.1	  0.0
6.2	  0.0
6.3	  0.0
6.4	  0.0
6.5	  0.0
6.6	  0.0
6.7	  0.0
6.8	  0.0
6.9	  0.0
7.0	  0.0
7.1	  0.0
7.2	  0.0
7.3	  0.0
7.4	  0.0
7.5	  0.0
7.6	  0.0
7.7	  0.0
7.8	  0.0
7.9	  0.0
8.0	  0.0
8.1	  0.0
8.2	  0.0
8.3	  0.0
8.4	  0.0
8.5	  0.0
8.6	  0.0
8.7	  0.0
8.8	  0.0
8.9	  0.0
9.0	  0.0



DATASET #6

     Name: 1 d Prob
   Points: 66
     Info: 

Data[x,y]:
2.5	  0.79807
2.6	  0.72399
2.7	  0.64506
2.8	  0.56358
2.9	  0.48511
3.0	  0.4134
3.1	  0.34785
3.2	  0.29069
3.3	  0.24114
3.4	  0.19986
3.5	  0.16344
3.6	  0.13283
3.7	  0.10839
3.8	  0.08843
3.9	  0.07209
4.0	  0.05825
4.1	  0.04746
4.2	  0.03865
4.3	  0.03094
4.4	  0.02561
4.5	  0.02057
4.6	  0.01648
4.7	  0.01348
4.8	  0.01097
4.9	  0.00882
5.0	  0.00719
5.1	  0.00594
5.2	  0.00492
5.3	  0.00401
5.4	  0.00331
5.5	  0.00285
5.6	  0.00233
5.7	  0.00198
5.8	  0.00169
5.9	  0.00145
6.0	  0.00125
6.1	  0.00104
6.2	  8.3E-4
6.3	  5.9E-4
6.4	  4.7E-4
6.5	  3.4E-4
6.6	  2.6E-4
6.7	  2.0E-5
6.8	  2.0E-5
6.9	  0.0
7.0	  0.0
7.1	  0.0
7.2	  0.0
7.3	  0.0
7.4	  0.0
7.5	  0.0
7.6	  0.0
7.7	  0.0
7.8	  0.0
7.9	  0.0
8.0	  0.0
8.1	  0.0
8.2	  0.0
8.3	  0.0
8.4	  0.0
8.5	  0.0
8.6	  0.0
8.7	  0.0
8.8	  0.0
8.9	  0.0
9.0	  0.0



DATASET #7

Name: 95% Conf
Num Points: 66
Info: 

X, Y Data:
2.5	0.79807	[0.79556537	0.80055165]
2.6	0.72399	[0.7212058	0.726757]
2.7	0.64506	[0.6420837	0.6480251]
2.8	0.56358	[0.5604987	0.56665635]
2.9	0.48511	[0.48200798	0.48821318]
3.0	0.4134	[0.41034618	0.41646048]
3.1	0.34785	[0.34489885	0.35081288]
3.2	0.29069	[0.28787866	0.29351744]
3.3	0.24114	[0.23849362	0.2438063]
3.4	0.19986	[0.197388	0.2023551]
3.5	0.16344	[0.16115613	0.16574979]
3.6	0.13283	[0.13073556	0.13495271]
3.7	0.10839	[0.10647325	0.11033691]
3.8	0.08843	[0.08668107	0.09021064]
3.9	0.07209	[0.070498385	0.07371459]
4.0	0.05825	[0.056810275	0.059723783]
4.1	0.04746	[0.046154525	0.048800375]
4.2	0.03865	[0.037467953	0.03986764]
4.3	0.03094	[0.029879745	0.03203646]
4.4	0.02561	[0.024644066	0.026612567]
4.5	0.02057	[0.019703595	0.021473449]
4.6	0.01648	[0.015704399	0.017292984]
4.7	0.01348	[0.01277884	0.0142188]
4.8	0.01097	[0.01033807	0.0116397925]
4.9	0.00882	[0.008254218	0.0094238445]
5.0	0.00719	[0.0066801147	0.0077381087]
5.1	0.00594	[0.005477537	0.0064408192]
5.2	0.00492	[0.0045001507	0.0053783236]
5.3	0.00401	[0.003632139	0.0044264533]
5.4	0.00331	[0.0029678438	0.0036908516]
5.5	0.00285	[0.0025334272	0.0032053452]
5.6	0.00233	[0.002045	0.002653874]
5.7	0.00198	[0.0017182966	0.0022806586]
5.8	0.00169	[0.0014492193	0.0019698152]
5.9	0.00145	[0.0012279409	0.0017111716]
6.0	0.00125	[0.0010447657	0.0014944243]
6.1	0.00104	[8.539544E-4	0.0012653352]
6.2	8.3E-4	[6.651964E-4	0.0010342225]
6.3	5.9E-4	[4.5309737E-4	7.665362E-4]
6.4	4.7E-4	[3.49198E-4	6.305945E-4]
6.5	3.4E-4	[2.3915971E-4	4.8088527E-4]
6.6	2.6E-4	[1.7339196E-4	3.8688924E-4]
6.7	2.0E-5	[3.4641096E-6	8.066479E-5]
6.8	2.0E-5	[3.4641096E-6	8.066479E-5]
6.9	0.0	[0.0	4.7892154E-5]
7.0	0.0	[0.0	4.7892154E-5]
7.1	0.0	[0.0	4.7892154E-5]
7.2	0.0	[0.0	4.7892154E-5]
7.3	0.0	[0.0	4.7892154E-5]
7.4	0.0	[0.0	4.7892154E-5]
7.5	0.0	[0.0	4.7892154E-5]
7.6	0.0	[0.0	4.7892154E-5]
7.7	0.0	[0.0	4.7892154E-5]
7.8	0.0	[0.0	4.7892154E-5]
7.9	0.0	[0.0	4.7892154E-5]
8.0	0.0	[0.0	4.7892154E-5]
8.1	0.0	[0.0	4.7892154E-5]
8.2	0.0	[0.0	4.7892154E-5]
8.3	0.0	[0.0	4.7892154E-5]
8.4	0.0	[0.0	0.0]
8.5	0.0	[0.0	0.0]
8.6	0.0	[0.0	0.0]
8.7	0.0	[0.0	0.0]
8.8	0.0	[0.0	0.0]
8.9	0.0	[0.0	0.0]
9.0	0.0	[0.0	0.0]



DATASET #8

     Name: Supra
   Points: 66
     Info: 

Data[x,y]:
2.5	  0.00131
2.6	  0.00131
2.7	  0.00131
2.8	  0.00131
2.9	  0.00131
3.0	  0.00131
3.1	  0.00131
3.2	  0.00131
3.3	  0.00131
3.4	  0.00131
3.5	  0.00131
3.6	  0.00131
3.7	  0.00131
3.8	  0.00131
3.9	  0.00131
4.0	  0.00131
4.1	  0.00131
4.2	  0.00131
4.3	  0.00131
4.4	  0.00131
4.5	  0.00131
4.6	  0.00131
4.7	  0.00131
4.8	  0.00131
4.9	  0.00131
5.0	  0.00131
5.1	  0.00131
5.2	  0.00131
5.3	  0.00131
5.4	  0.00131
5.5	  0.00131
5.6	  0.00131
5.7	  0.00131
5.8	  0.00131
5.9	  0.00131
6.0	  0.00122
6.1	  0.00102
6.2	  8.2E-4
6.3	  5.8E-4
6.4	  4.6E-4
6.5	  3.3E-4
6.6	  2.5E-4
6.7	  2.0E-5
6.8	  2.0E-5
6.9	  0.0
7.0	  0.0
7.1	  0.0
7.2	  0.0
7.3	  0.0
7.4	  0.0
7.5	  0.0
7.6	  0.0
7.7	  0.0
7.8	  0.0
7.9	  0.0
8.0	  0.0
8.1	  0.0
8.2	  0.0
8.3	  0.0
8.4	  0.0
8.5	  0.0
8.6	  0.0
8.7	  0.0
8.8	  0.0
8.9	  0.0
9.0	  0.0



DATASET #9

     Name: Primary
   Points: 66
     Info: 

Data[x,y]:
2.5	  1.42487
2.6	  1.13508
2.7	  0.90162
2.8	  0.7148
2.9	  0.56753
3.0	  0.45059
3.1	  0.35594
3.2	  0.28265
3.3	  0.22405
3.4	  0.17874
3.5	  0.1414
3.6	  0.11195
3.7	  0.08902
3.8	  0.07097
3.9	  0.05689
4.0	  0.04513
4.1	  0.03624
4.2	  0.02912
4.3	  0.02301
4.4	  0.01898
4.5	  0.01507
4.6	  0.01186
4.7	  0.00965
4.8	  0.00775
4.9	  0.00609
5.0	  0.00496
5.1	  0.00403
5.2	  0.00335
5.3	  0.00266
5.4	  0.00213
5.5	  0.00183
5.6	  0.00146
5.7	  0.00126
5.8	  0.00111
5.9	  9.7E-4
6.0	  8.1E-4
6.1	  6.7E-4
6.2	  5.1E-4
6.3	  3.9E-4
6.4	  2.9E-4
6.5	  1.9E-4
6.6	  1.4E-4
6.7	  2.0E-5
6.8	  2.0E-5
6.9	  0.0
7.0	  0.0
7.1	  0.0
7.2	  0.0
7.3	  0.0
7.4	  0.0
7.5	  0.0
7.6	  0.0
7.7	  0.0
7.8	  0.0
7.9	  0.0
8.0	  0.0
8.1	  0.0
8.2	  0.0
8.3	  0.0
8.4	  0.0
8.5	  0.0
8.6	  0.0
8.7	  0.0
8.8	  0.0
8.9	  0.0
9.0	  0.0


