
X-Axis: Magnitude
Y-Axis: 1 Hour Cumulative Number
Number of Data Sets: 9


DATASET #1

     Name: Mean
   Points: 66
     Info: 

Data[x,y]:
2.5	  0.11288
2.6	  0.09037
2.7	  0.07196
2.8	  0.05734
2.9	  0.04507
3.0	  0.03561
3.1	  0.02802
3.2	  0.02183
3.3	  0.01753
3.4	  0.01383
3.5	  0.01091
3.6	  0.00879
3.7	  0.00691
3.8	  0.00543
3.9	  0.00437
4.0	  0.00328
4.1	  0.00261
4.2	  0.0021
4.3	  0.00165
4.4	  0.00128
4.5	  0.00106
4.6	  7.9E-4
4.7	  6.6E-4
4.8	  5.2E-4
4.9	  4.4E-4
5.0	  3.7E-4
5.1	  2.6E-4
5.2	  2.3E-4
5.3	  1.8E-4
5.4	  1.6E-4
5.5	  1.4E-4
5.6	  1.0E-4
5.7	  9.0E-5
5.8	  9.0E-5
5.9	  8.0E-5
6.0	  7.0E-5
6.1	  6.0E-5
6.2	  5.0E-5
6.3	  3.0E-5
6.4	  2.0E-5
6.5	  2.0E-5
6.6	  2.0E-5
6.7	  0.0
6.8	  0.0
6.9	  0.0
7.0	  0.0
7.1	  0.0
7.2	  0.0
7.3	  0.0
7.4	  0.0
7.5	  0.0
7.6	  0.0
7.7	  0.0
7.8	  0.0
7.9	  0.0
8.0	  0.0
8.1	  0.0
8.2	  0.0
8.3	  0.0
8.4	  0.0
8.5	  0.0
8.6	  0.0
8.7	  0.0
8.8	  0.0
8.9	  0.0
9.0	  0.0



DATASET #2

     Name: 2.5%,97.5%
   Points: 66
     Info: 

Data[x,y]:
2.5	  0.0
2.6	  0.0
2.7	  0.0
2.8	  0.0
2.9	  0.0
3.0	  0.0
3.1	  0.0
3.2	  0.0
3.3	  0.0
3.4	  0.0
3.5	  0.0
3.6	  0.0
3.7	  0.0
3.8	  0.0
3.9	  0.0
4.0	  0.0
4.1	  0.0
4.2	  0.0
4.3	  0.0
4.4	  0.0
4.5	  0.0
4.6	  0.0
4.7	  0.0
4.8	  0.0
4.9	  0.0
5.0	  0.0
5.1	  0.0
5.2	  0.0
5.3	  0.0
5.4	  0.0
5.5	  0.0
5.6	  0.0
5.7	  0.0
5.8	  0.0
5.9	  0.0
6.0	  0.0
6.1	  0.0
6.2	  0.0
6.3	  0.0
6.4	  0.0
6.5	  0.0
6.6	  0.0
6.7	  0.0
6.8	  0.0
6.9	  0.0
7.0	  0.0
7.1	  0.0
7.2	  0.0
7.3	  0.0
7.4	  0.0
7.5	  0.0
7.6	  0.0
7.7	  0.0
7.8	  0.0
7.9	  0.0
8.0	  0.0
8.1	  0.0
8.2	  0.0
8.3	  0.0
8.4	  0.0
8.5	  0.0
8.6	  0.0
8.7	  0.0
8.8	  0.0
8.9	  0.0
9.0	  0.0



DATASET #3

     Name: null
   Points: 66
     Info: 

Data[x,y]:
2.5	  1.0
2.6	  1.0
2.7	  1.0
2.8	  1.0
2.9	  1.0
3.0	  1.0
3.1	  0.0
3.2	  0.0
3.3	  0.0
3.4	  0.0
3.5	  0.0
3.6	  0.0
3.7	  0.0
3.8	  0.0
3.9	  0.0
4.0	  0.0
4.1	  0.0
4.2	  0.0
4.3	  0.0
4.4	  0.0
4.5	  0.0
4.6	  0.0
4.7	  0.0
4.8	  0.0
4.9	  0.0
5.0	  0.0
5.1	  0.0
5.2	  0.0
5.3	  0.0
5.4	  0.0
5.5	  0.0
5.6	  0.0
5.7	  0.0
5.8	  0.0
5.9	  0.0
6.0	  0.0
6.1	  0.0
6.2	  0.0
6.3	  0.0
6.4	  0.0
6.5	  0.0
6.6	  0.0
6.7	  0.0
6.8	  0.0
6.9	  0.0
7.0	  0.0
7.1	  0.0
7.2	  0.0
7.3	  0.0
7.4	  0.0
7.5	  0.0
7.6	  0.0
7.7	  0.0
7.8	  0.0
7.9	  0.0
8.0	  0.0
8.1	  0.0
8.2	  0.0
8.3	  0.0
8.4	  0.0
8.5	  0.0
8.6	  0.0
8.7	  0.0
8.8	  0.0
8.9	  0.0
9.0	  0.0



DATASET #4

     Name: Median
   Points: 66
     Info: 

Data[x,y]:
2.5	  0.0
2.6	  0.0
2.7	  0.0
2.8	  0.0
2.9	  0.0
3.0	  0.0
3.1	  0.0
3.2	  0.0
3.3	  0.0
3.4	  0.0
3.5	  0.0
3.6	  0.0
3.7	  0.0
3.8	  0.0
3.9	  0.0
4.0	  0.0
4.1	  0.0
4.2	  0.0
4.3	  0.0
4.4	  0.0
4.5	  0.0
4.6	  0.0
4.7	  0.0
4.8	  0.0
4.9	  0.0
5.0	  0.0
5.1	  0.0
5.2	  0.0
5.3	  0.0
5.4	  0.0
5.5	  0.0
5.6	  0.0
5.7	  0.0
5.8	  0.0
5.9	  0.0
6.0	  0.0
6.1	  0.0
6.2	  0.0
6.3	  0.0
6.4	  0.0
6.5	  0.0
6.6	  0.0
6.7	  0.0
6.8	  0.0
6.9	  0.0
7.0	  0.0
7.1	  0.0
7.2	  0.0
7.3	  0.0
7.4	  0.0
7.5	  0.0
7.6	  0.0
7.7	  0.0
7.8	  0.0
7.9	  0.0
8.0	  0.0
8.1	  0.0
8.2	  0.0
8.3	  0.0
8.4	  0.0
8.5	  0.0
8.6	  0.0
8.7	  0.0
8.8	  0.0
8.9	  0.0
9.0	  0.0



DATASET #5

     Name: Mode
   Points: 66
     Info: 

Data[x,y]:
2.5	  0.0
2.6	  0.0
2.7	  0.0
2.8	  0.0
2.9	  0.0
3.0	  0.0
3.1	  0.0
3.2	  0.0
3.3	  0.0
3.4	  0.0
3.5	  0.0
3.6	  0.0
3.7	  0.0
3.8	  0.0
3.9	  0.0
4.0	  0.0
4.1	  0.0
4.2	  0.0
4.3	  0.0
4.4	  0.0
4.5	  0.0
4.6	  0.0
4.7	  0.0
4.8	  0.0
4.9	  0.0
5.0	  0.0
5.1	  0.0
5.2	  0.0
5.3	  0.0
5.4	  0.0
5.5	  0.0
5.6	  0.0
5.7	  0.0
5.8	  0.0
5.9	  0.0
6.0	  0.0
6.1	  0.0
6.2	  0.0
6.3	  0.0
6.4	  0.0
6.5	  0.0
6.6	  0.0
6.7	  0.0
6.8	  0.0
6.9	  0.0
7.0	  0.0
7.1	  0.0
7.2	  0.0
7.3	  0.0
7.4	  0.0
7.5	  0.0
7.6	  0.0
7.7	  0.0
7.8	  0.0
7.9	  0.0
8.0	  0.0
8.1	  0.0
8.2	  0.0
8.3	  0.0
8.4	  0.0
8.5	  0.0
8.6	  0.0
8.7	  0.0
8.8	  0.0
8.9	  0.0
9.0	  0.0



DATASET #6

     Name: 1 hr Prob
   Points: 66
     Info: 

Data[x,y]:
2.5	  0.08666
2.6	  0.07063
2.7	  0.05744
2.8	  0.04667
2.9	  0.03705
3.0	  0.02959
3.1	  0.0234
3.2	  0.01847
3.3	  0.01496
3.4	  0.01202
3.5	  0.00953
3.6	  0.00773
3.7	  0.00615
3.8	  0.00486
3.9	  0.00395
4.0	  0.00297
4.1	  0.00236
4.2	  0.00191
4.3	  0.00151
4.4	  0.00117
4.5	  9.8E-4
4.6	  7.1E-4
4.7	  6.0E-4
4.8	  4.8E-4
4.9	  4.1E-4
5.0	  3.4E-4
5.1	  2.3E-4
5.2	  2.0E-4
5.3	  1.5E-4
5.4	  1.4E-4
5.5	  1.3E-4
5.6	  9.0E-5
5.7	  8.0E-5
5.8	  8.0E-5
5.9	  8.0E-5
6.0	  7.0E-5
6.1	  6.0E-5
6.2	  5.0E-5
6.3	  3.0E-5
6.4	  2.0E-5
6.5	  2.0E-5
6.6	  2.0E-5
6.7	  0.0
6.8	  0.0
6.9	  0.0
7.0	  0.0
7.1	  0.0
7.2	  0.0
7.3	  0.0
7.4	  0.0
7.5	  0.0
7.6	  0.0
7.7	  0.0
7.8	  0.0
7.9	  0.0
8.0	  0.0
8.1	  0.0
8.2	  0.0
8.3	  0.0
8.4	  0.0
8.5	  0.0
8.6	  0.0
8.7	  0.0
8.8	  0.0
8.9	  0.0
9.0	  0.0



DATASET #7

Name: 95% Conf
Num Points: 66
Info: 

X, Y Data:
2.5	0.08666	[0.08492715	0.088424705]
2.6	0.07063	[0.06905351	0.07223958]
2.7	0.05744	[0.056009814	0.058904305]
2.8	0.04667	[0.045375027	0.047999937]
2.9	0.03705	[0.035892032	0.03824369]
3.0	0.02959	[0.028552739	0.030663574]
3.1	0.0234	[0.022476282	0.02436053]
3.2	0.01847	[0.01764889	0.019328326]
3.3	0.01496	[0.01422114	0.015736373]
3.4	0.01202	[0.011358204	0.012719564]
3.5	0.00953	[0.008941539	0.010156456]
3.6	0.00773	[0.0072009396	0.008297229]
3.7	0.00615	[0.0056792377	0.0066590956]
3.8	0.00486	[0.0044427915	0.0053156908]
3.9	0.00395	[0.0035750691	0.0043635312]
4.0	0.00297	[0.0026465643	0.0033321872]
4.1	0.00236	[0.0020730875	0.00268578]
4.2	0.00191	[0.0016531979	0.0022057751]
4.3	0.00151	[0.0012831234	0.0017759682]
4.4	0.00117	[9.7187026E-4	0.0014073551]
4.5	9.8E-4	[7.9978583E-4	0.0011995371]
4.6	7.1E-4	[5.5855705E-4	9.009569E-4]
4.7	6.0E-4	[4.6183256E-4	7.7778986E-4]
4.8	4.8E-4	[3.5778355E-4	6.419936E-4]
4.9	4.1E-4	[2.980176E-4	5.618773E-4]
5.0	3.4E-4	[2.3915971E-4	4.8088527E-4]
5.1	2.3E-4	[1.4927807E-4	3.511202E-4]
5.2	2.0E-4	[1.2555439E-4	3.1498473E-4]
5.3	1.5E-4	[8.714325E-5	2.5371244E-4]
5.4	1.4E-4	[7.967705E-5	2.4126013E-4]
5.5	1.3E-4	[7.23001E-5	2.287271E-4]
5.6	9.0E-5	[4.39234E-5	1.7758983E-4]
5.7	8.0E-5	[3.7198402E-5	1.6448459E-4]
5.8	8.0E-5	[3.7198402E-5	1.6448459E-4]
5.9	8.0E-5	[3.7198402E-5	1.6448459E-4]
6.0	7.0E-5	[3.0673422E-5	1.5121036E-4]
6.1	6.0E-5	[2.4390289E-5	1.377361E-4]
6.2	5.0E-5	[1.8407845E-5	1.2402E-4]
6.3	3.0E-5	[7.747817E-6	9.559829E-5]
6.4	2.0E-5	[3.4641096E-6	8.066479E-5]
6.5	2.0E-5	[3.4641096E-6	8.066479E-5]
6.6	2.0E-5	[3.4641096E-6	8.066479E-5]
6.7	0.0	[0.0	4.7892154E-5]
6.8	0.0	[0.0	4.7892154E-5]
6.9	0.0	[0.0	4.7892154E-5]
7.0	0.0	[0.0	4.7892154E-5]
7.1	0.0	[0.0	4.7892154E-5]
7.2	0.0	[0.0	4.7892154E-5]
7.3	0.0	[0.0	4.7892154E-5]
7.4	0.0	[0.0	4.7892154E-5]
7.5	0.0	[0.0	4.7892154E-5]
7.6	0.0	[0.0	4.7892154E-5]
7.7	0.0	[0.0	4.7892154E-5]
7.8	0.0	[0.0	4.7892154E-5]
7.9	0.0	[0.0	4.7892154E-5]
8.0	0.0	[0.0	4.7892154E-5]
8.1	0.0	[0.0	4.7892154E-5]
8.2	0.0	[0.0	4.7892154E-5]
8.3	0.0	[0.0	4.7892154E-5]
8.4	0.0	[0.0	0.0]
8.5	0.0	[0.0	0.0]
8.6	0.0	[0.0	0.0]
8.7	0.0	[0.0	0.0]
8.8	0.0	[0.0	0.0]
8.9	0.0	[0.0	0.0]
9.0	0.0	[0.0	0.0]



DATASET #8

     Name: Supra
   Points: 66
     Info: 

Data[x,y]:
2.5	  7.0E-5
2.6	  7.0E-5
2.7	  7.0E-5
2.8	  7.0E-5
2.9	  7.0E-5
3.0	  7.0E-5
3.1	  7.0E-5
3.2	  7.0E-5
3.3	  7.0E-5
3.4	  7.0E-5
3.5	  7.0E-5
3.6	  7.0E-5
3.7	  7.0E-5
3.8	  7.0E-5
3.9	  7.0E-5
4.0	  7.0E-5
4.1	  7.0E-5
4.2	  7.0E-5
4.3	  7.0E-5
4.4	  7.0E-5
4.5	  7.0E-5
4.6	  7.0E-5
4.7	  7.0E-5
4.8	  7.0E-5
4.9	  7.0E-5
5.0	  7.0E-5
5.1	  7.0E-5
5.2	  7.0E-5
5.3	  7.0E-5
5.4	  7.0E-5
5.5	  7.0E-5
5.6	  7.0E-5
5.7	  7.0E-5
5.8	  7.0E-5
5.9	  7.0E-5
6.0	  7.0E-5
6.1	  6.0E-5
6.2	  5.0E-5
6.3	  3.0E-5
6.4	  2.0E-5
6.5	  2.0E-5
6.6	  2.0E-5
6.7	  0.0
6.8	  0.0
6.9	  0.0
7.0	  0.0
7.1	  0.0
7.2	  0.0
7.3	  0.0
7.4	  0.0
7.5	  0.0
7.6	  0.0
7.7	  0.0
7.8	  0.0
7.9	  0.0
8.0	  0.0
8.1	  0.0
8.2	  0.0
8.3	  0.0
8.4	  0.0
8.5	  0.0
8.6	  0.0
8.7	  0.0
8.8	  0.0
8.9	  0.0
9.0	  0.0



DATASET #9

     Name: Primary
   Points: 66
     Info: 

Data[x,y]:
2.5	  0.06839
2.6	  0.05451
2.7	  0.04342
2.8	  0.03456
2.9	  0.02715
3.0	  0.02135
3.1	  0.01655
3.2	  0.01294
3.3	  0.01038
3.4	  0.00816
3.5	  0.00637
3.6	  0.00521
3.7	  0.00413
3.8	  0.0032
3.9	  0.00258
4.0	  0.00192
4.1	  0.0015
4.2	  0.00123
4.3	  9.3E-4
4.4	  7.3E-4
4.5	  6.0E-4
4.6	  4.3E-4
4.7	  3.4E-4
4.8	  2.6E-4
4.9	  2.2E-4
5.0	  1.9E-4
5.1	  1.5E-4
5.2	  1.3E-4
5.3	  8.0E-5
5.4	  7.0E-5
5.5	  7.0E-5
5.6	  4.0E-5
5.7	  4.0E-5
5.8	  4.0E-5
5.9	  4.0E-5
6.0	  4.0E-5
6.1	  4.0E-5
6.2	  3.0E-5
6.3	  1.0E-5
6.4	  1.0E-5
6.5	  1.0E-5
6.6	  1.0E-5
6.7	  0.0
6.8	  0.0
6.9	  0.0
7.0	  0.0
7.1	  0.0
7.2	  0.0
7.3	  0.0
7.4	  0.0
7.5	  0.0
7.6	  0.0
7.7	  0.0
7.8	  0.0
7.9	  0.0
8.0	  0.0
8.1	  0.0
8.2	  0.0
8.3	  0.0
8.4	  0.0
8.5	  0.0
8.6	  0.0
8.7	  0.0
8.8	  0.0
8.9	  0.0
9.0	  0.0


