
X-Axis: Magnitude
Y-Axis: 1 Month Cumulative Number
Number of Data Sets: 9


DATASET #1

     Name: Mean
   Points: 66
     Info: 

Data[x,y]:
2.5	  24.15287
2.6	  19.19555
2.7	  15.24856
2.8	  12.11616
2.9	  9.61836
3.0	  7.64174
3.1	  6.06827
3.2	  4.81909
3.3	  3.82724
3.4	  3.03772
3.5	  2.41358
3.6	  1.91636
3.7	  1.52287
3.8	  1.21023
3.9	  0.96056
4.0	  0.76297
4.1	  0.60494
4.2	  0.48334
4.3	  0.38569
4.4	  0.30799
4.5	  0.24549
4.6	  0.19573
4.7	  0.15723
4.8	  0.1258
4.9	  0.10089
5.0	  0.0807
5.1	  0.06464
5.2	  0.05243
5.3	  0.04275
5.4	  0.03444
5.5	  0.02803
5.6	  0.02293
5.7	  0.01912
5.8	  0.0159
5.9	  0.01335
6.0	  0.01169
6.1	  0.00889
6.2	  0.00712
6.3	  0.00489
6.4	  0.00366
6.5	  0.0029
6.6	  0.00237
6.7	  1.6E-4
6.8	  1.1E-4
6.9	  3.0E-5
7.0	  1.0E-5
7.1	  1.0E-5
7.2	  1.0E-5
7.3	  0.0
7.4	  0.0
7.5	  0.0
7.6	  0.0
7.7	  0.0
7.8	  0.0
7.9	  0.0
8.0	  0.0
8.1	  0.0
8.2	  0.0
8.3	  0.0
8.4	  0.0
8.5	  0.0
8.6	  0.0
8.7	  0.0
8.8	  0.0
8.9	  0.0
9.0	  0.0



DATASET #2

     Name: 2.5%,97.5%
   Points: 66
     Info: 

Data[x,y]:
2.5	  7.0
2.6	  5.0
2.7	  3.0
2.8	  2.0
2.9	  1.0
3.0	  1.0
3.1	  0.0
3.2	  0.0
3.3	  0.0
3.4	  0.0
3.5	  0.0
3.6	  0.0
3.7	  0.0
3.8	  0.0
3.9	  0.0
4.0	  0.0
4.1	  0.0
4.2	  0.0
4.3	  0.0
4.4	  0.0
4.5	  0.0
4.6	  0.0
4.7	  0.0
4.8	  0.0
4.9	  0.0
5.0	  0.0
5.1	  0.0
5.2	  0.0
5.3	  0.0
5.4	  0.0
5.5	  0.0
5.6	  0.0
5.7	  0.0
5.8	  0.0
5.9	  0.0
6.0	  0.0
6.1	  0.0
6.2	  0.0
6.3	  0.0
6.4	  0.0
6.5	  0.0
6.6	  0.0
6.7	  0.0
6.8	  0.0
6.9	  0.0
7.0	  0.0
7.1	  0.0
7.2	  0.0
7.3	  0.0
7.4	  0.0
7.5	  0.0
7.6	  0.0
7.7	  0.0
7.8	  0.0
7.9	  0.0
8.0	  0.0
8.1	  0.0
8.2	  0.0
8.3	  0.0
8.4	  0.0
8.5	  0.0
8.6	  0.0
8.7	  0.0
8.8	  0.0
8.9	  0.0
9.0	  0.0



DATASET #3

     Name: null
   Points: 66
     Info: 

Data[x,y]:
2.5	  85.0
2.6	  68.0
2.7	  54.0
2.8	  43.0
2.9	  35.0
3.0	  28.0
3.1	  23.0
3.2	  18.0
3.3	  15.0
3.4	  12.0
3.5	  10.0
3.6	  8.0
3.7	  7.0
3.8	  6.0
3.9	  5.0
4.0	  4.0
4.1	  4.0
4.2	  3.0
4.3	  3.0
4.4	  2.0
4.5	  2.0
4.6	  2.0
4.7	  2.0
4.8	  1.0
4.9	  1.0
5.0	  1.0
5.1	  1.0
5.2	  1.0
5.3	  1.0
5.4	  1.0
5.5	  0.0
5.6	  0.0
5.7	  0.0
5.8	  0.0
5.9	  0.0
6.0	  0.0
6.1	  0.0
6.2	  0.0
6.3	  0.0
6.4	  0.0
6.5	  0.0
6.6	  0.0
6.7	  0.0
6.8	  0.0
6.9	  0.0
7.0	  0.0
7.1	  0.0
7.2	  0.0
7.3	  0.0
7.4	  0.0
7.5	  0.0
7.6	  0.0
7.7	  0.0
7.8	  0.0
7.9	  0.0
8.0	  0.0
8.1	  0.0
8.2	  0.0
8.3	  0.0
8.4	  0.0
8.5	  0.0
8.6	  0.0
8.7	  0.0
8.8	  0.0
8.9	  0.0
9.0	  0.0



DATASET #4

     Name: Median
   Points: 66
     Info: 

Data[x,y]:
2.5	  16.0
2.6	  13.0
2.7	  10.0
2.8	  8.0
2.9	  6.0
3.0	  5.0
3.1	  4.0
3.2	  3.0
3.3	  2.0
3.4	  2.0
3.5	  1.0
3.6	  1.0
3.7	  1.0
3.8	  1.0
3.9	  0.0
4.0	  0.0
4.1	  0.0
4.2	  0.0
4.3	  0.0
4.4	  0.0
4.5	  0.0
4.6	  0.0
4.7	  0.0
4.8	  0.0
4.9	  0.0
5.0	  0.0
5.1	  0.0
5.2	  0.0
5.3	  0.0
5.4	  0.0
5.5	  0.0
5.6	  0.0
5.7	  0.0
5.8	  0.0
5.9	  0.0
6.0	  0.0
6.1	  0.0
6.2	  0.0
6.3	  0.0
6.4	  0.0
6.5	  0.0
6.6	  0.0
6.7	  0.0
6.8	  0.0
6.9	  0.0
7.0	  0.0
7.1	  0.0
7.2	  0.0
7.3	  0.0
7.4	  0.0
7.5	  0.0
7.6	  0.0
7.7	  0.0
7.8	  0.0
7.9	  0.0
8.0	  0.0
8.1	  0.0
8.2	  0.0
8.3	  0.0
8.4	  0.0
8.5	  0.0
8.6	  0.0
8.7	  0.0
8.8	  0.0
8.9	  0.0
9.0	  0.0



DATASET #5

     Name: Mode
   Points: 66
     Info: 

Data[x,y]:
2.5	  14.0
2.6	  11.0
2.7	  9.0
2.8	  7.0
2.9	  5.0
3.0	  4.0
3.1	  3.0
3.2	  2.0
3.3	  2.0
3.4	  1.0
3.5	  1.0
3.6	  0.0
3.7	  0.0
3.8	  0.0
3.9	  0.0
4.0	  0.0
4.1	  0.0
4.2	  0.0
4.3	  0.0
4.4	  0.0
4.5	  0.0
4.6	  0.0
4.7	  0.0
4.8	  0.0
4.9	  0.0
5.0	  0.0
5.1	  0.0
5.2	  0.0
5.3	  0.0
5.4	  0.0
5.5	  0.0
5.6	  0.0
5.7	  0.0
5.8	  0.0
5.9	  0.0
6.0	  0.0
6.1	  0.0
6.2	  0.0
6.3	  0.0
6.4	  0.0
6.5	  0.0
6.6	  0.0
6.7	  0.0
6.8	  0.0
6.9	  0.0
7.0	  0.0
7.1	  0.0
7.2	  0.0
7.3	  0.0
7.4	  0.0
7.5	  0.0
7.6	  0.0
7.7	  0.0
7.8	  0.0
7.9	  0.0
8.0	  0.0
8.1	  0.0
8.2	  0.0
8.3	  0.0
8.4	  0.0
8.5	  0.0
8.6	  0.0
8.7	  0.0
8.8	  0.0
8.9	  0.0
9.0	  0.0



DATASET #6

     Name: 1 mo Prob
   Points: 66
     Info: 

Data[x,y]:
2.5	  0.99999
2.6	  0.99995
2.7	  0.99974
2.8	  0.99861
2.9	  0.99469
3.0	  0.98554
3.1	  0.96705
3.2	  0.93424
3.3	  0.88815
3.4	  0.82886
3.5	  0.75826
3.6	  0.68034
3.7	  0.60049
3.8	  0.52243
3.9	  0.44792
4.0	  0.37972
4.1	  0.31931
4.2	  0.26735
4.3	  0.22294
4.4	  0.18482
4.5	  0.15209
4.6	  0.1254
4.7	  0.10358
4.8	  0.0851
4.9	  0.07024
5.0	  0.05754
5.1	  0.04756
5.2	  0.03954
5.3	  0.03295
5.4	  0.02721
5.5	  0.02285
5.6	  0.01925
5.7	  0.0164
5.8	  0.01396
5.9	  0.01215
6.0	  0.01089
6.1	  0.0083
6.2	  0.00685
6.3	  0.00474
6.4	  0.00359
6.5	  0.00289
6.6	  0.00236
6.7	  1.6E-4
6.8	  1.1E-4
6.9	  3.0E-5
7.0	  1.0E-5
7.1	  1.0E-5
7.2	  1.0E-5
7.3	  0.0
7.4	  0.0
7.5	  0.0
7.6	  0.0
7.7	  0.0
7.8	  0.0
7.9	  0.0
8.0	  0.0
8.1	  0.0
8.2	  0.0
8.3	  0.0
8.4	  0.0
8.5	  0.0
8.6	  0.0
8.7	  0.0
8.8	  0.0
8.9	  0.0
9.0	  0.0



DATASET #7

Name: 95% Conf
Num Points: 66
Info: 

X, Y Data:
2.5	0.99999	[0.99993503	0.99999946]
2.6	0.99995	[0.99987596	0.9999816]
2.7	0.99974	[0.9996131	0.9998266]
2.8	0.99861	[0.9983537	0.99882716]
2.9	0.99469	[0.99421495	0.9951266]
3.0	0.98554	[0.9847761	0.9862664]
3.1	0.96705	[0.96592045	0.96814346]
3.2	0.93424	[0.9326819	0.9357646]
3.3	0.88815	[0.8861765	0.89009356]
3.4	0.82886	[0.826508	0.8311867]
3.5	0.75826	[0.75559145	0.76090866]
3.6	0.68034	[0.67743766	0.68322843]
3.7	0.60049	[0.59744537	0.6035269]
3.8	0.52243	[0.5193283	0.52553]
3.9	0.44792	[0.4448349	0.45100912]
4.0	0.37972	[0.37671167	0.3827376]
4.1	0.31931	[0.3164224	0.3222115]
4.2	0.26735	[0.2646109	0.27010703]
4.3	0.22294	[0.22036594	0.22553538]
4.4	0.18482	[0.18242136	0.18724291]
4.5	0.15209	[0.14987262	0.15433417]
4.6	0.1254	[0.12335679	0.12747206]
4.7	0.10358	[0.1017016	0.10548893]
4.8	0.0851	[0.0833815	0.08685047]
4.9	0.07024	[0.06866758	0.07184554]
5.0	0.05754	[0.05610863	0.05900548]
5.1	0.04756	[0.0462532	0.04890169]
5.2	0.03954	[0.038344804	0.04077072]
5.3	0.03295	[0.031856507	0.034079537]
5.4	0.02721	[0.026214715	0.028241789]
5.5	0.02285	[0.021937119	0.023799738]
5.6	0.01925	[0.018411763	0.02012539]
5.7	0.0164	[0.015626287	0.017211104]
5.8	0.01396	[0.013246387	0.014711211]
5.9	0.01215	[0.011484602	0.012853155]
6.0	0.01089	[0.010260405	0.011557465]
6.1	0.0083	[0.007751428	0.008886685]
6.2	0.00685	[0.006352567	0.007385691]
6.3	0.00474	[0.0043281224	0.005190375]
6.4	0.00359	[0.0032331436	0.003985509]
6.5	0.00289	[0.0025711237	0.0032476417]
6.6	0.00236	[0.0020730875	0.00268578]
6.7	1.6E-4	[9.4690186E-5	2.6609126E-4]
6.8	1.1E-4	[5.7856672E-5	2.0338313E-4]
6.9	3.0E-5	[7.747817E-6	9.559829E-5]
7.0	1.0E-5	[5.219861E-7	6.4949265E-5]
7.1	1.0E-5	[5.219861E-7	6.4949265E-5]
7.2	1.0E-5	[5.219861E-7	6.4949265E-5]
7.3	0.0	[0.0	4.7892154E-5]
7.4	0.0	[0.0	4.7892154E-5]
7.5	0.0	[0.0	4.7892154E-5]
7.6	0.0	[0.0	4.7892154E-5]
7.7	0.0	[0.0	4.7892154E-5]
7.8	0.0	[0.0	4.7892154E-5]
7.9	0.0	[0.0	4.7892154E-5]
8.0	0.0	[0.0	4.7892154E-5]
8.1	0.0	[0.0	4.7892154E-5]
8.2	0.0	[0.0	4.7892154E-5]
8.3	0.0	[0.0	4.7892154E-5]
8.4	0.0	[0.0	0.0]
8.5	0.0	[0.0	0.0]
8.6	0.0	[0.0	0.0]
8.7	0.0	[0.0	0.0]
8.8	0.0	[0.0	0.0]
8.9	0.0	[0.0	0.0]
9.0	0.0	[0.0	0.0]



DATASET #8

     Name: Supra
   Points: 66
     Info: 

Data[x,y]:
2.5	  0.01127
2.6	  0.01127
2.7	  0.01127
2.8	  0.01127
2.9	  0.01127
3.0	  0.01127
3.1	  0.01127
3.2	  0.01127
3.3	  0.01127
3.4	  0.01127
3.5	  0.01127
3.6	  0.01127
3.7	  0.01127
3.8	  0.01127
3.9	  0.01127
4.0	  0.01127
4.1	  0.01127
4.2	  0.01127
4.3	  0.01127
4.4	  0.01127
4.5	  0.01127
4.6	  0.01127
4.7	  0.01127
4.8	  0.01127
4.9	  0.01127
5.0	  0.01127
5.1	  0.01127
5.2	  0.01127
5.3	  0.01127
5.4	  0.01127
5.5	  0.01127
5.6	  0.01127
5.7	  0.01127
5.8	  0.01127
5.9	  0.01127
6.0	  0.01059
6.1	  0.00805
6.2	  0.00665
6.3	  0.00457
6.4	  0.00345
6.5	  0.00278
6.6	  0.0023
6.7	  1.3E-4
6.8	  1.0E-4
6.9	  3.0E-5
7.0	  1.0E-5
7.1	  1.0E-5
7.2	  1.0E-5
7.3	  0.0
7.4	  0.0
7.5	  0.0
7.6	  0.0
7.7	  0.0
7.8	  0.0
7.9	  0.0
8.0	  0.0
8.1	  0.0
8.2	  0.0
8.3	  0.0
8.4	  0.0
8.5	  0.0
8.6	  0.0
8.7	  0.0
8.8	  0.0
8.9	  0.0
9.0	  0.0



DATASET #9

     Name: Primary
   Points: 66
     Info: 

Data[x,y]:
2.5	  12.02556
2.6	  9.56004
2.7	  7.59238
2.8	  6.0321
2.9	  4.78763
3.0	  3.80185
3.1	  3.01869
3.2	  2.3973
3.3	  1.90443
3.4	  1.51411
3.5	  1.20279
3.6	  0.95427
3.7	  0.75747
3.8	  0.60232
3.9	  0.47818
4.0	  0.38044
4.1	  0.30249
4.2	  0.24145
4.3	  0.19337
4.4	  0.15463
4.5	  0.12323
4.6	  0.09823
4.7	  0.07918
4.8	  0.06316
4.9	  0.05083
5.0	  0.04084
5.1	  0.03328
5.2	  0.02728
5.3	  0.02247
5.4	  0.01834
5.5	  0.01521
5.6	  0.01265
5.7	  0.01092
5.8	  0.00932
5.9	  0.00797
6.0	  0.007
6.1	  0.00523
6.2	  0.00417
6.3	  0.00288
6.4	  0.00213
6.5	  0.00168
6.6	  0.00136
6.7	  7.0E-5
6.8	  7.0E-5
6.9	  1.0E-5
7.0	  0.0
7.1	  0.0
7.2	  0.0
7.3	  0.0
7.4	  0.0
7.5	  0.0
7.6	  0.0
7.7	  0.0
7.8	  0.0
7.9	  0.0
8.0	  0.0
8.1	  0.0
8.2	  0.0
8.3	  0.0
8.4	  0.0
8.5	  0.0
8.6	  0.0
8.7	  0.0
8.8	  0.0
8.9	  0.0
9.0	  0.0


