
X-Axis: Magnitude
Y-Axis: 1 Year Cumulative Number
Number of Data Sets: 9


DATASET #1

     Name: Mean
   Points: 66
     Info: 

Data[x,y]:
2.5	  61.43964
2.6	  48.82455
2.7	  38.79025
2.8	  30.81741
2.9	  24.48596
3.0	  19.45475
3.1	  15.45931
3.2	  12.28165
3.3	  9.75411
3.4	  7.74423
3.5	  6.14781
3.6	  4.88536
3.7	  3.88567
3.8	  3.08802
3.9	  2.45044
4.0	  1.94724
4.1	  1.54612
4.2	  1.23228
4.3	  0.98304
4.4	  0.78317
4.5	  0.6233
4.6	  0.49639
4.7	  0.39767
4.8	  0.31778
4.9	  0.25447
5.0	  0.20314
5.1	  0.16284
5.2	  0.13155
5.3	  0.10615
5.4	  0.08631
5.5	  0.06984
5.6	  0.05714
5.7	  0.04731
5.8	  0.03884
5.9	  0.03253
6.0	  0.02827
6.1	  0.02124
6.2	  0.01698
6.3	  0.01173
6.4	  0.00864
6.5	  0.00717
6.6	  0.00585
6.7	  5.0E-4
6.8	  2.9E-4
6.9	  6.0E-5
7.0	  1.0E-5
7.1	  1.0E-5
7.2	  1.0E-5
7.3	  0.0
7.4	  0.0
7.5	  0.0
7.6	  0.0
7.7	  0.0
7.8	  0.0
7.9	  0.0
8.0	  0.0
8.1	  0.0
8.2	  0.0
8.3	  0.0
8.4	  0.0
8.5	  0.0
8.6	  0.0
8.7	  0.0
8.8	  0.0
8.9	  0.0
9.0	  0.0



DATASET #2

     Name: 2.5%,97.5%
   Points: 66
     Info: 

Data[x,y]:
2.5	  22.0
2.6	  17.0
2.7	  12.0
2.8	  9.0
2.9	  6.0
3.0	  5.0
3.1	  3.0
3.2	  2.0
3.3	  1.0
3.4	  1.0
3.5	  0.0
3.6	  0.0
3.7	  0.0
3.8	  0.0
3.9	  0.0
4.0	  0.0
4.1	  0.0
4.2	  0.0
4.3	  0.0
4.4	  0.0
4.5	  0.0
4.6	  0.0
4.7	  0.0
4.8	  0.0
4.9	  0.0
5.0	  0.0
5.1	  0.0
5.2	  0.0
5.3	  0.0
5.4	  0.0
5.5	  0.0
5.6	  0.0
5.7	  0.0
5.8	  0.0
5.9	  0.0
6.0	  0.0
6.1	  0.0
6.2	  0.0
6.3	  0.0
6.4	  0.0
6.5	  0.0
6.6	  0.0
6.7	  0.0
6.8	  0.0
6.9	  0.0
7.0	  0.0
7.1	  0.0
7.2	  0.0
7.3	  0.0
7.4	  0.0
7.5	  0.0
7.6	  0.0
7.7	  0.0
7.8	  0.0
7.9	  0.0
8.0	  0.0
8.1	  0.0
8.2	  0.0
8.3	  0.0
8.4	  0.0
8.5	  0.0
8.6	  0.0
8.7	  0.0
8.8	  0.0
8.9	  0.0
9.0	  0.0



DATASET #3

     Name: null
   Points: 66
     Info: 

Data[x,y]:
2.5	  285.0
2.6	  227.0
2.7	  181.0
2.8	  144.0
2.9	  114.0
3.0	  91.0
3.1	  73.0
3.2	  59.0
3.3	  47.0
3.4	  37.0
3.5	  30.0
3.6	  24.0
3.7	  20.0
3.8	  16.0
3.9	  13.0
4.0	  11.0
4.1	  9.0
4.2	  7.0
4.3	  6.0
4.4	  5.0
4.5	  4.0
4.6	  4.0
4.7	  3.0
4.8	  3.0
4.9	  2.0
5.0	  2.0
5.1	  2.0
5.2	  1.0
5.3	  1.0
5.4	  1.0
5.5	  1.0
5.6	  1.0
5.7	  1.0
5.8	  1.0
5.9	  1.0
6.0	  1.0
6.1	  0.0
6.2	  0.0
6.3	  0.0
6.4	  0.0
6.5	  0.0
6.6	  0.0
6.7	  0.0
6.8	  0.0
6.9	  0.0
7.0	  0.0
7.1	  0.0
7.2	  0.0
7.3	  0.0
7.4	  0.0
7.5	  0.0
7.6	  0.0
7.7	  0.0
7.8	  0.0
7.9	  0.0
8.0	  0.0
8.1	  0.0
8.2	  0.0
8.3	  0.0
8.4	  0.0
8.5	  0.0
8.6	  0.0
8.7	  0.0
8.8	  0.0
8.9	  0.0
9.0	  0.0



DATASET #4

     Name: Median
   Points: 66
     Info: 

Data[x,y]:
2.5	  39.0
2.6	  31.0
2.7	  25.0
2.8	  20.0
2.9	  16.0
3.0	  12.0
3.1	  10.0
3.2	  8.0
3.3	  6.0
3.4	  5.0
3.5	  4.0
3.6	  3.0
3.7	  2.0
3.8	  2.0
3.9	  1.0
4.0	  1.0
4.1	  1.0
4.2	  1.0
4.3	  0.0
4.4	  0.0
4.5	  0.0
4.6	  0.0
4.7	  0.0
4.8	  0.0
4.9	  0.0
5.0	  0.0
5.1	  0.0
5.2	  0.0
5.3	  0.0
5.4	  0.0
5.5	  0.0
5.6	  0.0
5.7	  0.0
5.8	  0.0
5.9	  0.0
6.0	  0.0
6.1	  0.0
6.2	  0.0
6.3	  0.0
6.4	  0.0
6.5	  0.0
6.6	  0.0
6.7	  0.0
6.8	  0.0
6.9	  0.0
7.0	  0.0
7.1	  0.0
7.2	  0.0
7.3	  0.0
7.4	  0.0
7.5	  0.0
7.6	  0.0
7.7	  0.0
7.8	  0.0
7.9	  0.0
8.0	  0.0
8.1	  0.0
8.2	  0.0
8.3	  0.0
8.4	  0.0
8.5	  0.0
8.6	  0.0
8.7	  0.0
8.8	  0.0
8.9	  0.0
9.0	  0.0



DATASET #5

     Name: Mode
   Points: 66
     Info: 

Data[x,y]:
2.5	  34.0
2.6	  28.0
2.7	  22.0
2.8	  18.0
2.9	  14.0
3.0	  10.0
3.1	  8.0
3.2	  6.0
3.3	  5.0
3.4	  4.0
3.5	  3.0
3.6	  2.0
3.7	  1.0
3.8	  1.0
3.9	  1.0
4.0	  0.0
4.1	  0.0
4.2	  0.0
4.3	  0.0
4.4	  0.0
4.5	  0.0
4.6	  0.0
4.7	  0.0
4.8	  0.0
4.9	  0.0
5.0	  0.0
5.1	  0.0
5.2	  0.0
5.3	  0.0
5.4	  0.0
5.5	  0.0
5.6	  0.0
5.7	  0.0
5.8	  0.0
5.9	  0.0
6.0	  0.0
6.1	  0.0
6.2	  0.0
6.3	  0.0
6.4	  0.0
6.5	  0.0
6.6	  0.0
6.7	  0.0
6.8	  0.0
6.9	  0.0
7.0	  0.0
7.1	  0.0
7.2	  0.0
7.3	  0.0
7.4	  0.0
7.5	  0.0
7.6	  0.0
7.7	  0.0
7.8	  0.0
7.9	  0.0
8.0	  0.0
8.1	  0.0
8.2	  0.0
8.3	  0.0
8.4	  0.0
8.5	  0.0
8.6	  0.0
8.7	  0.0
8.8	  0.0
8.9	  0.0
9.0	  0.0



DATASET #6

     Name: 1 yr Prob
   Points: 66
     Info: 

Data[x,y]:
2.5	  1.0
2.6	  1.0
2.7	  1.0
2.8	  1.0
2.9	  0.99999
3.0	  0.99993
3.1	  0.99958
3.2	  0.99796
3.3	  0.99275
3.4	  0.98082
3.5	  0.95883
3.6	  0.9237
3.7	  0.874
3.8	  0.81285
3.9	  0.74014
4.0	  0.66221
4.1	  0.5834
4.2	  0.50717
4.3	  0.43622
4.4	  0.37061
4.5	  0.31258
4.6	  0.26203
4.7	  0.21976
4.8	  0.18336
4.9	  0.15332
5.0	  0.12717
5.1	  0.10583
5.2	  0.08868
5.3	  0.0742
5.4	  0.06253
5.5	  0.05266
5.6	  0.04486
5.7	  0.03863
5.8	  0.03298
5.9	  0.02871
6.0	  0.02585
6.1	  0.01949
6.2	  0.01608
6.3	  0.01127
6.4	  0.00837
6.5	  0.00704
6.6	  0.00579
6.7	  5.0E-4
6.8	  2.9E-4
6.9	  6.0E-5
7.0	  1.0E-5
7.1	  1.0E-5
7.2	  1.0E-5
7.3	  0.0
7.4	  0.0
7.5	  0.0
7.6	  0.0
7.7	  0.0
7.8	  0.0
7.9	  0.0
8.0	  0.0
8.1	  0.0
8.2	  0.0
8.3	  0.0
8.4	  0.0
8.5	  0.0
8.6	  0.0
8.7	  0.0
8.8	  0.0
8.9	  0.0
9.0	  0.0



DATASET #7

Name: 95% Conf
Num Points: 66
Info: 

X, Y Data:
2.5	1.0	[1.0	1.0]
2.6	1.0	[1.0	1.0]
2.7	1.0	[1.0	1.0]
2.8	1.0	[1.0	1.0]
2.9	0.99999	[0.99993503	0.99999946]
3.0	0.99993	[0.9998488	0.9999693]
3.1	0.99958	[0.9994266	0.9996935]
3.2	0.99796	[0.9976552	0.9982258]
3.3	0.99275	[0.9921997	0.99326205]
3.4	0.98082	[0.97994614	0.98165673]
3.5	0.95883	[0.95757574	0.96004885]
3.6	0.9237	[0.9220332	0.92533416]
3.7	0.874	[0.87192374	0.87604743]
3.8	0.81285	[0.8104155	0.8152604]
3.9	0.74014	[0.73740757	0.74285394]
4.0	0.66221	[0.65926737	0.66514015]
4.1	0.5834	[0.5803362	0.5864574]
4.2	0.50717	[0.50406605	0.5102734]
4.3	0.43622	[0.4331438	0.4393011]
4.4	0.37061	[0.36761656	0.3736134]
4.5	0.31258	[0.3097092	0.31546524]
4.6	0.26203	[0.25930867	0.26476964]
4.7	0.21976	[0.2171993	0.22234228]
4.8	0.18336	[0.18096879	0.18577558]
4.9	0.15332	[0.15109521	0.15557148]
5.0	0.12717	[0.12511438	0.12925434]
5.1	0.10583	[0.10393351	0.10775685]
5.2	0.08868	[0.086928815	0.09046288]
5.3	0.0742	[0.072586864	0.07584595]
5.4	0.06253	[0.061041147	0.064052574]
5.5	0.05266	[0.051287804	0.054066688]
5.6	0.04486	[0.04358948	0.046165623]
5.7	0.03863	[0.03744825	0.039847344]
5.8	0.03298	[0.031886023	0.03411002]
5.9	0.02871	[0.027688038	0.029768346]
6.0	0.02585	[0.0248796	0.026857013]
6.1	0.01949	[0.018646568	0.020370565]
6.2	0.01608	[0.01531389	0.016883528]
6.3	0.01127	[0.010629391	0.011948444]
6.4	0.00837	[0.00781908	0.008959026]
6.5	0.00704	[0.0065355706	0.007582668]
6.6	0.00579	[0.005333557	0.006284816]
6.7	5.0E-4	[3.7499785E-4	6.6475E-4]
6.8	2.9E-4	[1.978313E-4	4.2235057E-4]
6.9	6.0E-5	[2.4390289E-5	1.377361E-4]
7.0	1.0E-5	[5.219861E-7	6.4949265E-5]
7.1	1.0E-5	[5.219861E-7	6.4949265E-5]
7.2	1.0E-5	[5.219861E-7	6.4949265E-5]
7.3	0.0	[0.0	4.7892154E-5]
7.4	0.0	[0.0	4.7892154E-5]
7.5	0.0	[0.0	4.7892154E-5]
7.6	0.0	[0.0	4.7892154E-5]
7.7	0.0	[0.0	4.7892154E-5]
7.8	0.0	[0.0	4.7892154E-5]
7.9	0.0	[0.0	4.7892154E-5]
8.0	0.0	[0.0	4.7892154E-5]
8.1	0.0	[0.0	4.7892154E-5]
8.2	0.0	[0.0	4.7892154E-5]
8.3	0.0	[0.0	4.7892154E-5]
8.4	0.0	[0.0	0.0]
8.5	0.0	[0.0	0.0]
8.6	0.0	[0.0	0.0]
8.7	0.0	[0.0	0.0]
8.8	0.0	[0.0	0.0]
8.9	0.0	[0.0	0.0]
9.0	0.0	[0.0	0.0]



DATASET #8

     Name: Supra
   Points: 66
     Info: 

Data[x,y]:
2.5	  0.0267
2.6	  0.0267
2.7	  0.0267
2.8	  0.0267
2.9	  0.0267
3.0	  0.0267
3.1	  0.0267
3.2	  0.0267
3.3	  0.0267
3.4	  0.0267
3.5	  0.0267
3.6	  0.0267
3.7	  0.0267
3.8	  0.0267
3.9	  0.0267
4.0	  0.0267
4.1	  0.0267
4.2	  0.0267
4.3	  0.0267
4.4	  0.0267
4.5	  0.0267
4.6	  0.0267
4.7	  0.0267
4.8	  0.0267
4.9	  0.0267
5.0	  0.0267
5.1	  0.0267
5.2	  0.0267
5.3	  0.0267
5.4	  0.0267
5.5	  0.0267
5.6	  0.0267
5.7	  0.0267
5.8	  0.0267
5.9	  0.0267
6.0	  0.02528
6.1	  0.01903
6.2	  0.01565
6.3	  0.01094
6.4	  0.00812
6.5	  0.00681
6.6	  0.00565
6.7	  4.2E-4
6.8	  2.6E-4
6.9	  5.0E-5
7.0	  1.0E-5
7.1	  1.0E-5
7.2	  1.0E-5
7.3	  0.0
7.4	  0.0
7.5	  0.0
7.6	  0.0
7.7	  0.0
7.8	  0.0
7.9	  0.0
8.0	  0.0
8.1	  0.0
8.2	  0.0
8.3	  0.0
8.4	  0.0
8.5	  0.0
8.6	  0.0
8.7	  0.0
8.8	  0.0
8.9	  0.0
9.0	  0.0



DATASET #9

     Name: Primary
   Points: 66
     Info: 

Data[x,y]:
2.5	  27.7737
2.6	  22.07439
2.7	  17.53355
2.8	  13.92368
2.9	  11.06271
3.0	  8.7881
3.1	  6.98472
3.2	  5.54922
3.3	  4.40683
3.4	  3.50107
3.5	  2.78078
3.6	  2.21022
3.7	  1.75872
3.8	  1.39925
3.9	  1.11082
4.0	  0.88329
4.1	  0.70261
4.2	  0.55963
4.3	  0.44789
4.4	  0.35669
4.5	  0.28436
4.6	  0.22674
4.7	  0.18277
4.8	  0.14622
4.9	  0.11763
5.0	  0.09465
5.1	  0.07697
5.2	  0.06319
5.3	  0.05174
5.4	  0.04268
5.5	  0.03543
5.6	  0.02967
5.7	  0.02523
5.8	  0.02121
5.9	  0.01809
6.0	  0.01585
6.1	  0.01173
6.2	  0.00938
6.3	  0.00644
6.4	  0.00469
6.5	  0.00389
6.6	  0.00312
6.7	  2.2E-4
6.8	  1.5E-4
6.9	  2.0E-5
7.0	  0.0
7.1	  0.0
7.2	  0.0
7.3	  0.0
7.4	  0.0
7.5	  0.0
7.6	  0.0
7.7	  0.0
7.8	  0.0
7.9	  0.0
8.0	  0.0
8.1	  0.0
8.2	  0.0
8.3	  0.0
8.4	  0.0
8.5	  0.0
8.6	  0.0
8.7	  0.0
8.8	  0.0
8.9	  0.0
9.0	  0.0


